============================================================================================================================
iteration:  0
------------------------------------------- FK -------------------------------------------
Current EE Orientation: 
 [[ 1.000e+00  1.987e-15 -1.000e-03]
 [ 2.032e-15 -1.000e+00 -1.225e-16]
 [-1.000e-03  1.205e-16 -1.000e+00]]
------------------------------------------- IK -------------------------------------------

--- 0.001990079879760742 seconds ---
i:  1
orientation error:  2.9802322387695312e-08
R_current: 
 [[ 1.000e+00  1.987e-15 -1.225e-16]
 [ 2.032e-15 -1.000e+00  2.235e-08]
 [-1.225e-16 -2.235e-08 -1.000e+00]]
R_desired: 
 [[ 1.    -0.    -0.001]
 [ 0.    -1.     0.01 ]
 [-0.001 -0.01  -1.   ]]
------------------------------------------- FK -------------------------------------------
Current EE Orientation: 
 [[ 1.000e+00  1.987e-15 -1.225e-16]
 [ 2.032e-15 -1.000e+00 -1.225e-16]
 [-1.225e-16  1.225e-16 -1.000e+00]]
____________________________________________________________________________________________________________________________
input current output js wrist joint values (roll,gamma,beta,alpha): 
 [-0.0, 0.0, 0.0, 0.0]
IK wrist joint values pre-cable allocation (roll,gamma,beta,alpha): 
 [-0.0, 7.450580596923828e-09, 0.0, 0.0]
IK wrist joint values post-cable allocation (roll,gamma,beta,alpha): 
 [-0.0, 0.0, 0.0, 0.0]
cable allocation error(roll,gamma,beta,alpha): 
 [0.0, -7.450580596923828e-09, 0.0, 0.0]
============================================================================================================================
iteration:  1
------------------------------------------- FK -------------------------------------------
Current EE Orientation: 
 [[ 1.000e+00 -7.718e-06 -1.000e-03]
 [ 2.199e-15 -1.000e+00  7.718e-03]
 [-1.000e-03 -7.718e-03 -1.000e+00]]
------------------------------------------- IK -------------------------------------------

--- 0.001994609832763672 seconds ---
i:  1
orientation error:  0.0
R_current: 
 [[ 1.000e+00  1.987e-15 -1.287e-16]
 [ 2.199e-15 -1.000e+00  7.718e-03]
 [-1.122e-16 -7.718e-03 -1.000e+00]]
R_desired: 
 [[ 1.    -0.    -0.001]
 [ 0.    -1.     0.02 ]
 [-0.001 -0.02  -1.   ]]
------------------------------------------- FK -------------------------------------------
Current EE Orientation: 
 [[ 1.000e+00  1.987e-15 -1.287e-16]
 [ 2.032e-15 -1.000e+00  7.718e-03]
 [-1.120e-16 -7.718e-03 -1.000e+00]]
____________________________________________________________________________________________________________________________
input current output js wrist joint values (roll,gamma,beta,alpha): 
 [-0.0, 0.0025725903431251212, 0.0, 0.0]
IK wrist joint values pre-cable allocation (roll,gamma,beta,alpha): 
 [-0.0, 0.0025725903431251212, 0.0, 0.0]
IK wrist joint values post-cable allocation (roll,gamma,beta,alpha): 
 [-0.0, 0.0025727358210651833, 0.0, 0.0]
cable allocation error(roll,gamma,beta,alpha): 
 [0.0, 1.454779400620991e-07, 0.0, 0.0]
============================================================================================================================
iteration:  2
------------------------------------------- FK -------------------------------------------
Current EE Orientation: 
 [[ 1.000e+00 -1.559e-05 -9.999e-04]
 [ 2.032e-15 -9.999e-01  1.559e-02]
 [-1.000e-03 -1.559e-02 -9.999e-01]]
------------------------------------------- IK -------------------------------------------

--- 0.001994609832763672 seconds ---
i:  1
orientation error:  0.0
R_current: 
 [[ 1.000e+00  1.986e-15 -1.350e-16]
 [ 2.032e-15 -9.999e-01  1.559e-02]
 [-1.027e-16 -1.559e-02 -9.999e-01]]
R_desired: 
 [[ 1.    -0.    -0.001]
 [ 0.    -1.     0.03 ]
 [-0.001 -0.03  -1.   ]]
------------------------------------------- FK -------------------------------------------
Current EE Orientation: 
 [[ 1.000e+00  1.986e-15 -1.350e-16]
 [ 2.199e-15 -9.999e-01  1.559e-02]
 [-1.018e-16 -1.559e-02 -9.999e-01]]
____________________________________________________________________________________________________________________________
input current output js wrist joint values (roll,gamma,beta,alpha): 
 [-0.0, 0.005195937646713331, 0.0, 0.0]
IK wrist joint values pre-cable allocation (roll,gamma,beta,alpha): 
 [-0.0, 0.005195937646713331, 0.0, 0.0]
IK wrist joint values post-cable allocation (roll,gamma,beta,alpha): 
 [-0.0, 0.005196528137671341, 0.0, 0.0]
cable allocation error(roll,gamma,beta,alpha): 
 [0.0, 5.904909580103229e-07, 0.0, 0.0]
============================================================================================================================
iteration:  3
------------------------------------------- FK -------------------------------------------
Current EE Orientation: 
 [[ 1.000e+00 -2.428e-05 -9.997e-04]
 [ 2.033e-15 -9.997e-01  2.428e-02]
 [-1.000e-03 -2.428e-02 -9.997e-01]]
------------------------------------------- IK -------------------------------------------

--- 0.007008552551269531 seconds ---
i:  3
orientation error:  0.02025303052305238
R_current: 
 [[ 1.000e+00  1.984e-15 -1.573e-16]
 [ 2.033e-15 -9.991e-01  4.334e-02]
 [-6.312e-17 -4.334e-02 -9.991e-01]]
R_desired: 
 [[ 1.    -0.    -0.001]
 [ 0.    -0.999  0.04 ]
 [-0.001 -0.04  -0.999]]
------------------------------------------- FK -------------------------------------------
Current EE Orientation: 
 [[ 1.000e+00  1.984e-15 -1.573e-16]
 [ 2.034e-15 -9.991e-01  4.336e-02]
 [-6.832e-17 -4.336e-02 -9.991e-01]]
____________________________________________________________________________________________________________________________
input current output js wrist joint values (roll,gamma,beta,alpha): 
 [-0.0, 0.00809474796781486, 0.0, 0.0]
IK wrist joint values pre-cable allocation (roll,gamma,beta,alpha): 
 [-0.0, 0.014451791768128185, 0.0, 0.0]
IK wrist joint values post-cable allocation (roll,gamma,beta,alpha): 
 [-0.0, 0.0144562792403935, 0.0, 0.0]
cable allocation error(roll,gamma,beta,alpha): 
 [0.0, 4.487472265314596e-06, 0.0, 0.0]
============================================================================================================================
iteration:  4
------------------------------------------- FK -------------------------------------------
Current EE Orientation: 
 [[ 1.000e+00 -3.241e-05 -9.995e-04]
 [ 2.366e-15 -9.995e-01  3.241e-02]
 [-1.000e-03 -3.241e-02 -9.995e-01]]
------------------------------------------- IK -------------------------------------------

--- 0.0019953250885009766 seconds ---
i:  1
orientation error:  0.0
R_current: 
 [[ 1.000e+00  1.985e-15 -1.485e-16]
 [ 2.366e-15 -9.995e-01  3.241e-02]
 [-7.835e-17 -3.241e-02 -9.995e-01]]
R_desired: 
 [[ 1.    -0.    -0.001]
 [ 0.    -0.999  0.05 ]
 [-0.001 -0.05  -0.999]]
------------------------------------------- FK -------------------------------------------
Current EE Orientation: 
 [[ 1.000e+00  1.985e-15 -1.485e-16]
 [ 2.033e-15 -9.995e-01  3.242e-02]
 [-8.194e-17 -3.242e-02 -9.995e-01]]
____________________________________________________________________________________________________________________________
input current output js wrist joint values (roll,gamma,beta,alpha): 
 [-0.0, 0.010805456242974198, 0.0, 0.0]
IK wrist joint values pre-cable allocation (roll,gamma,beta,alpha): 
 [-0.0, 0.010805456242974198, 0.0, 0.0]
IK wrist joint values post-cable allocation (roll,gamma,beta,alpha): 
 [-0.0, 0.01080798266120636, 0.0, 0.0]
cable allocation error(roll,gamma,beta,alpha): 
 [0.0, 2.5264182321616674e-06, 0.0, 0.0]
============================================================================================================================
iteration:  5
------------------------------------------- FK -------------------------------------------
Current EE Orientation: 
 [[ 1.000e+00 -4.072e-05 -9.992e-04]
 [ 2.033e-15 -9.992e-01  4.072e-02]
 [-1.000e-03 -4.072e-02 -9.992e-01]]
------------------------------------------- IK -------------------------------------------

--- 0.00800323486328125 seconds ---
i:  3
orientation error:  0.019956318631466186
R_current: 
 [[ 1.000e+00  1.982e-15 -1.719e-16]
 [ 2.034e-15 -9.981e-01  6.149e-02]
 [-4.393e-17 -6.149e-02 -9.981e-01]]
R_desired: 
 [[ 1.    -0.    -0.001]
 [ 0.    -0.998  0.06 ]
 [-0.001 -0.06  -0.998]]
------------------------------------------- FK -------------------------------------------
Current EE Orientation: 
 [[ 1.000e+00  1.982e-15 -1.719e-16]
 [ 2.034e-15 -9.981e-01  6.152e-02]
 [-4.390e-17 -6.152e-02 -9.981e-01]]
____________________________________________________________________________________________________________________________
input current output js wrist joint values (roll,gamma,beta,alpha): 
 [-0.0, 0.013577670164126891, 0.0, 0.0]
IK wrist joint values pre-cable allocation (roll,gamma,beta,alpha): 
 [-0.0, 0.020510699967173866, 0.0, 0.0]
IK wrist joint values post-cable allocation (roll,gamma,beta,alpha): 
 [-0.0, 0.020519632717434365, 0.0, 0.0]
cable allocation error(roll,gamma,beta,alpha): 
 [0.0, 8.93275026049925e-06, 0.0, 0.0]
============================================================================================================================
iteration:  6
------------------------------------------- FK -------------------------------------------
Current EE Orientation: 
 [[ 1.000e+00 -4.903e-05 -9.988e-04]
 [ 2.367e-15 -9.988e-01  4.903e-02]
 [-1.000e-03 -4.903e-02 -9.988e-01]]
------------------------------------------- IK -------------------------------------------

--- 0.0029921531677246094 seconds ---
i:  1
orientation error:  0.0
R_current: 
 [[ 1.000e+00  1.983e-15 -1.619e-16]
 [ 2.367e-15 -9.988e-01  4.903e-02]
 [-5.590e-17 -4.903e-02 -9.988e-01]]
R_desired: 
 [[ 1.    -0.    -0.001]
 [ 0.    -0.998  0.07 ]
 [-0.001 -0.07  -0.998]]
------------------------------------------- FK -------------------------------------------
Current EE Orientation: 
 [[ 1.000e+00  1.983e-15 -1.619e-16]
 [ 2.200e-15 -9.988e-01  4.905e-02]
 [-6.121e-17 -4.905e-02 -9.988e-01]]
____________________________________________________________________________________________________________________________
input current output js wrist joint values (roll,gamma,beta,alpha): 
 [-0.0, 0.016349884085279584, 0.0, 0.0]
IK wrist joint values pre-cable allocation (roll,gamma,beta,alpha): 
 [-0.0, 0.016349884085279584, 0.0, 0.0]
IK wrist joint values post-cable allocation (roll,gamma,beta,alpha): 
 [-0.0, 0.016355606586666325, 0.0, 0.0]
cable allocation error(roll,gamma,beta,alpha): 
 [0.0, 5.722501386740825e-06, 0.0, 0.0]
============================================================================================================================
iteration:  7
------------------------------------------- FK -------------------------------------------
Current EE Orientation: 
 [[ 1.000e+00 -5.634e-05 -9.984e-04]
 [ 2.034e-15 -9.984e-01  5.634e-02]
 [-1.000e-03 -5.634e-02 -9.984e-01]]
------------------------------------------- IK -------------------------------------------

--- 0.005983114242553711 seconds ---
i:  2
orientation error:  0.0
R_current: 
 [[ 1.000e+00  1.982e-15 -1.752e-16]
 [ 2.034e-15 -9.978e-01  6.559e-02]
 [-4.076e-17 -6.559e-02 -9.978e-01]]
R_desired: 
 [[ 1.    -0.    -0.001]
 [ 0.    -0.997  0.08 ]
 [-0.001 -0.08  -0.997]]
------------------------------------------- FK -------------------------------------------
Current EE Orientation: 
 [[ 1.000e+00  1.982e-15 -1.752e-16]
 [ 2.034e-15 -9.978e-01  6.562e-02]
 [-4.594e-17 -6.562e-02 -9.978e-01]]
____________________________________________________________________________________________________________________________
input current output js wrist joint values (roll,gamma,beta,alpha): 
 [-0.0, 0.018789625854607275, 0.0, 0.0]
IK wrist joint values pre-cable allocation (roll,gamma,beta,alpha): 
 [-0.0, 0.021880300298189125, 0.0, 0.0]
IK wrist joint values post-cable allocation (roll,gamma,beta,alpha): 
 [-0.0, 0.02189043851821897, 0.0, 0.0]
cable allocation error(roll,gamma,beta,alpha): 
 [0.0, 1.0138220029844852e-05, 0.0, 0.0]
============================================================================================================================
iteration:  8
------------------------------------------- FK -------------------------------------------
Current EE Orientation: 
 [[ 1.000e+00 -6.646e-05 -9.978e-04]
 [ 2.034e-15 -9.978e-01  6.646e-02]
 [-1.000e-03 -6.646e-02 -9.978e-01]]
------------------------------------------- IK -------------------------------------------

--- 0.004985332489013672 seconds ---
i:  2
orientation error:  0.0
R_current: 
 [[ 1.000e+00  1.980e-15 -1.885e-16]
 [ 2.034e-15 -9.966e-01  8.217e-02]
 [-1.755e-17 -8.217e-02 -9.966e-01]]
R_desired: 
 [[ 1.    -0.    -0.001]
 [ 0.    -0.996  0.09 ]
 [-0.001 -0.09  -0.996]]
------------------------------------------- FK -------------------------------------------
Current EE Orientation: 
 [[ 1.000e+00  1.980e-15 -1.885e-16]
 [ 2.034e-15 -9.966e-01  8.222e-02]
 [-1.231e-17 -8.222e-02 -9.966e-01]]
____________________________________________________________________________________________________________________________
input current output js wrist joint values (roll,gamma,beta,alpha): 
 [-0.0, 0.02217124673376404, 0.0, 0.0]
IK wrist joint values pre-cable allocation (roll,gamma,beta,alpha): 
 [-0.0, 0.027421996297207485, 0.0, 0.0]
IK wrist joint values post-cable allocation (roll,gamma,beta,alpha): 
 [-0.0, 0.027437746653696204, 0.0, 0.0]
cable allocation error(roll,gamma,beta,alpha): 
 [0.0, 1.5750356488718892e-05, 0.0, 0.0]
============================================================================================================================
iteration:  9
------------------------------------------- FK -------------------------------------------
Current EE Orientation: 
 [[ 1.000e+00 -7.434e-05 -9.972e-04]
 [ 2.034e-15 -9.972e-01  7.434e-02]
 [-1.000e-03 -7.434e-02 -9.972e-01]]
------------------------------------------- IK -------------------------------------------

--- 0.005985736846923828 seconds ---
i:  2
orientation error:  0.004617954138616328
R_current: 
 [[ 1.000e+00  1.979e-15 -2.001e-16]
 [ 2.034e-15 -9.953e-01  9.667e-02]
 [-1.126e-18 -9.667e-02 -9.953e-01]]
R_desired: 
 [[ 1.    -0.    -0.001]
 [ 0.    -0.995  0.1  ]
 [-0.001 -0.1   -0.995]]
------------------------------------------- FK -------------------------------------------
Current EE Orientation: 
 [[ 1.000e+00  1.979e-15 -2.001e-16]
 [ 2.034e-15 -9.953e-01  9.674e-02]
 [-6.276e-18 -9.674e-02 -9.953e-01]]
____________________________________________________________________________________________________________________________
input current output js wrist joint values (roll,gamma,beta,alpha): 
 [-0.0, 0.02480361913006947, 0.0, 0.0]
IK wrist joint values pre-cable allocation (roll,gamma,beta,alpha): 
 [-0.0, 0.03227446342092168, 0.0, 0.0]
IK wrist joint values post-cable allocation (roll,gamma,beta,alpha): 
 [-0.0, 0.03229607050702545, 0.0, 0.0]
cable allocation error(roll,gamma,beta,alpha): 
 [0.0, 2.1607086103769824e-05, 0.0, 0.0]
============================================================================================================================
iteration:  10
------------------------------------------- FK -------------------------------------------
Current EE Orientation: 
 [[ 1.000e+00 -8.327e-05 -9.965e-04]
 [ 2.367e-15 -9.965e-01  8.327e-02]
 [-1.000e-03 -8.327e-02 -9.965e-01]]
------------------------------------------- IK -------------------------------------------

--- 0.0049877166748046875 seconds ---
i:  2
orientation error:  0.0
R_current: 
 [[ 1.000e+00  1.978e-15 -2.038e-16]
 [ 2.034e-15 -9.949e-01  1.013e-01]
 [ 2.484e-18 -1.013e-01 -9.949e-01]]
R_desired: 
 [[ 1.    -0.    -0.001]
 [ 0.    -0.994  0.11 ]
 [-0.001 -0.11  -0.994]]
------------------------------------------- FK -------------------------------------------
Current EE Orientation: 
 [[ 1.000e+00  1.978e-15 -2.039e-16]
 [ 2.200e-15 -9.948e-01  1.014e-01]
 [ 2.975e-18 -1.014e-01 -9.948e-01]]
____________________________________________________________________________________________________________________________
input current output js wrist joint values (roll,gamma,beta,alpha): 
 [-0.0, 0.0277904832790243, 0.0, 0.0]
IK wrist joint values pre-cable allocation (roll,gamma,beta,alpha): 
 [-0.0, 0.033835332368529, 0.0, 0.0]
IK wrist joint values post-cable allocation (roll,gamma,beta,alpha): 
 [-0.0, 0.03385900544589865, 0.0, 0.0]
cable allocation error(roll,gamma,beta,alpha): 
 [0.0, 2.3673077369647244e-05, 0.0, 0.0]
============================================================================================================================
iteration:  11
------------------------------------------- FK -------------------------------------------
Current EE Orientation: 
 [[ 1.000e+00 -8.923e-05 -9.960e-04]
 [ 2.200e-15 -9.960e-01  8.923e-02]
 [-1.000e-03 -8.923e-02 -9.960e-01]]
------------------------------------------- IK -------------------------------------------

--- 0.0049860477447509766 seconds ---
i:  2
orientation error:  0.0
R_current: 
 [[ 1.000e+00  1.977e-15 -2.098e-16]
 [ 2.366e-15 -9.941e-01  1.088e-01]
 [ 2.554e-17 -1.088e-01 -9.941e-01]]
R_desired: 
 [[ 1.    -0.    -0.001]
 [ 0.    -0.993  0.119]
 [-0.001 -0.119 -0.993]]
------------------------------------------- FK -------------------------------------------
Current EE Orientation: 
 [[ 1.000e+00  1.977e-15 -2.098e-16]
 [ 2.200e-15 -9.941e-01  1.088e-01]
 [ 1.956e-17 -1.088e-01 -9.941e-01]]
____________________________________________________________________________________________________________________________
input current output js wrist joint values (roll,gamma,beta,alpha): 
 [-0.0, 0.029781726044994187, 0.0, 0.0]
IK wrist joint values pre-cable allocation (roll,gamma,beta,alpha): 
 [-0.0, 0.036327608706870504, 0.0, 0.0]
IK wrist joint values post-cable allocation (roll,gamma,beta,alpha): 
 [-0.0, 0.03635476059487754, 0.0, 0.0]
cable allocation error(roll,gamma,beta,alpha): 
 [0.0, 2.7151888007038993e-05, 0.0, 0.0]
============================================================================================================================
iteration:  12
------------------------------------------- FK -------------------------------------------
Current EE Orientation: 
 [[ 1.000e+00 -9.815e-05 -9.952e-04]
 [ 2.200e-15 -9.952e-01  9.815e-02]
 [-1.000e-03 -9.815e-02 -9.952e-01]]
------------------------------------------- IK -------------------------------------------

--- 0.0069811344146728516 seconds ---
i:  2
orientation error:  0.0
R_current: 
 [[ 1.000e+00  1.977e-15 -2.108e-16]
 [ 2.034e-15 -9.939e-01  1.101e-01]
 [ 4.088e-18 -1.101e-01 -9.939e-01]]
R_desired: 
 [[ 1.    -0.    -0.001]
 [ 0.    -0.992  0.129]
 [-0.001 -0.129 -0.992]]
------------------------------------------- FK -------------------------------------------
Current EE Orientation: 
 [[ 1.000e+00  1.977e-15 -2.109e-16]
 [ 2.200e-15 -9.939e-01  1.102e-01]
 [ 2.067e-17 -1.102e-01 -9.939e-01]]
____________________________________________________________________________________________________________________________
input current output js wrist joint values (roll,gamma,beta,alpha): 
 [-0.0, 0.03276859019394901, 0.0, 0.0]
IK wrist joint values pre-cable allocation (roll,gamma,beta,alpha): 
 [-0.0, 0.036775946876965955, 0.0, 0.0]
IK wrist joint values post-cable allocation (roll,gamma,beta,alpha): 
 [-0.0, 0.0368037478159517, 0.0, 0.0]
cable allocation error(roll,gamma,beta,alpha): 
 [0.0, 2.780093898574476e-05, 0.0, 0.0]
============================================================================================================================
iteration:  13
------------------------------------------- FK -------------------------------------------
Current EE Orientation: 
 [[ 1.000e+00 -1.083e-04 -9.941e-04]
 [ 2.034e-15 -9.941e-01  1.083e-01]
 [-1.000e-03 -1.083e-01 -9.941e-01]]
------------------------------------------- IK -------------------------------------------

--- 0.006980419158935547 seconds ---
i:  3
orientation error:  0.024114152248698
R_current: 
 [[ 1.000e+00  1.974e-15 -2.328e-16]
 [ 2.032e-15 -9.905e-01  1.375e-01]
 [ 5.657e-17 -1.375e-01 -9.905e-01]]
R_desired: 
 [[ 1.    -0.    -0.001]
 [ 0.    -0.99   0.139]
 [-0.001 -0.139 -0.99 ]]
------------------------------------------- FK -------------------------------------------
Current EE Orientation: 
 [[ 1.000e+00  1.974e-15 -2.329e-16]
 [ 2.032e-15 -9.905e-01  1.376e-01]
 [ 5.666e-17 -1.376e-01 -9.905e-01]]
____________________________________________________________________________________________________________________________
input current output js wrist joint values (roll,gamma,beta,alpha): 
 [-0.0, 0.036184925233503445, 0.0, 0.0]
IK wrist joint values pre-cable allocation (roll,gamma,beta,alpha): 
 [-0.0, 0.045983046183505114, 0.0, 0.0]
IK wrist joint values post-cable allocation (roll,gamma,beta,alpha): 
 [-0.0, 0.046025698381965165, 0.0, 0.0]
cable allocation error(roll,gamma,beta,alpha): 
 [0.0, 4.265219846005114e-05, 0.0, 0.0]
============================================================================================================================
iteration:  14
------------------------------------------- FK -------------------------------------------
Current EE Orientation: 
 [[ 1.000e+00 -1.152e-04 -9.933e-04]
 [ 2.033e-15 -9.933e-01  1.152e-01]
 [-1.000e-03 -1.152e-01 -9.933e-01]]
------------------------------------------- IK -------------------------------------------

--- 0.006980419158935547 seconds ---
i:  2
orientation error:  0.0
R_current: 
 [[ 1.000e+00  1.974e-15 -2.322e-16]
 [ 2.033e-15 -9.906e-01  1.368e-01]
 [ 4.558e-17 -1.368e-01 -9.906e-01]]
R_desired: 
 [[ 1.    -0.    -0.001]
 [ 0.    -0.989  0.149]
 [-0.001 -0.149 -0.989]]
------------------------------------------- FK -------------------------------------------
Current EE Orientation: 
 [[ 1.000e+00  1.974e-15 -2.323e-16]
 [ 2.033e-15 -9.906e-01  1.369e-01]
 [ 4.568e-17 -1.369e-01 -9.906e-01]]
____________________________________________________________________________________________________________________________
input current output js wrist joint values (roll,gamma,beta,alpha): 
 [-0.0, 0.038470984818995316, 0.0, 0.0]
IK wrist joint values pre-cable allocation (roll,gamma,beta,alpha): 
 [-0.0, 0.045726643462516335, 0.0, 0.0]
IK wrist joint values post-cable allocation (roll,gamma,beta,alpha): 
 [-0.0, 0.04576884367760022, 0.0, 0.0]
cable allocation error(roll,gamma,beta,alpha): 
 [0.0, 4.220021508388738e-05, 0.0, 0.0]
============================================================================================================================
iteration:  15
------------------------------------------- FK -------------------------------------------
Current EE Orientation: 
 [[ 1.000e+00 -1.220e-04 -9.925e-04]
 [ 2.199e-15 -9.925e-01  1.220e-01]
 [-1.000e-03 -1.220e-01 -9.925e-01]]
------------------------------------------- IK -------------------------------------------

--- 0.007977724075317383 seconds ---
i:  3
orientation error:  0.0238471107663535
R_current: 
 [[ 1.000e+00  1.971e-15 -2.466e-16]
 [ 2.031e-15 -9.879e-01  1.548e-01]
 [ 7.002e-17 -1.548e-01 -9.879e-01]]
R_desired: 
 [[ 1.    -0.    -0.001]
 [ 0.    -0.987  0.159]
 [-0.001 -0.159 -0.987]]
------------------------------------------- FK -------------------------------------------
Current EE Orientation: 
 [[ 1.000e+00  1.971e-15 -2.467e-16]
 [ 2.198e-15 -9.879e-01  1.549e-01]
 [ 7.877e-17 -1.549e-01 -9.879e-01]]
____________________________________________________________________________________________________________________________
input current output js wrist joint values (roll,gamma,beta,alpha): 
 [-0.0, 0.0407570444044872, 0.0, 0.0]
IK wrist joint values pre-cable allocation (roll,gamma,beta,alpha): 
 [-0.0, 0.05180356660487262, 0.0, 0.0]
IK wrist joint values post-cable allocation (roll,gamma,beta,alpha): 
 [-0.0, 0.05185704880344196, 0.0, 0.0]
cable allocation error(roll,gamma,beta,alpha): 
 [0.0, 5.3482198569342054e-05, 0.0, 0.0]
============================================================================================================================
iteration:  16
------------------------------------------- FK -------------------------------------------
Current EE Orientation: 
 [[ 1.000e+00 -1.327e-04 -9.912e-04]
 [ 2.365e-15 -9.912e-01  1.327e-01]
 [-1.000e-03 -1.327e-01 -9.912e-01]]
------------------------------------------- IK -------------------------------------------

--- 0.005982398986816406 seconds ---
i:  2
orientation error:  0.0
R_current: 
 [[ 1.000e+00  1.972e-15 -2.433e-16]
 [ 2.364e-15 -9.886e-01  1.507e-01]
 [ 8.361e-17 -1.507e-01 -9.886e-01]]
R_desired: 
 [[ 1.    -0.    -0.001]
 [ 0.    -0.986  0.169]
 [-0.001 -0.169 -0.986]]
------------------------------------------- FK -------------------------------------------
Current EE Orientation: 
 [[ 1.000e+00  1.972e-15 -2.435e-16]
 [ 2.198e-15 -9.886e-01  1.508e-01]
 [ 6.496e-17 -1.508e-01 -9.886e-01]]
____________________________________________________________________________________________________________________________
input current output js wrist joint values (roll,gamma,beta,alpha): 
 [-0.0, 0.04435700355700387, 0.0, 0.0]
IK wrist joint values pre-cable allocation (roll,gamma,beta,alpha): 
 [-0.0, 0.05042375566879508, 0.0, 0.0]
IK wrist joint values post-cable allocation (roll,gamma,beta,alpha): 
 [-0.0, 0.050474573027654054, 0.0, 0.0]
cable allocation error(roll,gamma,beta,alpha): 
 [0.0, 5.081735885897193e-05, 0.0, 0.0]
============================================================================================================================
iteration:  17
------------------------------------------- FK -------------------------------------------
Current EE Orientation: 
 [[ 1.000e+00 -1.403e-04 -9.901e-04]
 [ 2.032e-15 -9.901e-01  1.403e-01]
 [-1.000e-03 -1.403e-01 -9.901e-01]]
------------------------------------------- IK -------------------------------------------

--- 0.007991313934326172 seconds ---
i:  2
orientation error:  0.0
R_current: 
 [[ 1.000e+00  1.969e-15 -2.559e-16]
 [ 2.030e-15 -9.861e-01  1.664e-01]
 [ 9.984e-17 -1.664e-01 -9.861e-01]]
R_desired: 
 [[ 1.    -0.    -0.001]
 [ 0.    -0.984  0.179]
 [-0.001 -0.179 -0.984]]
------------------------------------------- FK -------------------------------------------
Current EE Orientation: 
 [[ 1.000e+00  1.969e-15 -2.561e-16]
 [ 2.030e-15 -9.860e-01  1.666e-01]
 [ 8.960e-17 -1.666e-01 -9.860e-01]]
____________________________________________________________________________________________________________________________
input current output js wrist joint values (roll,gamma,beta,alpha): 
 [-0.0, 0.04693100629486627, 0.0, 0.0]
IK wrist joint values pre-cable allocation (roll,gamma,beta,alpha): 
 [-0.0, 0.05571983661700534, 0.0, 0.0]
IK wrist joint values post-cable allocation (roll,gamma,beta,alpha): 
 [-0.0, 0.055781203892655305, 0.0, 0.0]
cable allocation error(roll,gamma,beta,alpha): 
 [0.0, 6.13672756499678e-05, 0.0, 0.0]
============================================================================================================================
iteration:  18
------------------------------------------- FK -------------------------------------------
Current EE Orientation: 
 [[ 1.000e+00 -1.480e-04 -9.890e-04]
 [ 2.198e-15 -9.890e-01  1.480e-01]
 [-1.000e-03 -1.480e-01 -9.890e-01]]
------------------------------------------- IK -------------------------------------------

--- 0.0070078372955322266 seconds ---
i:  3
orientation error:  0.0
R_current: 
 [[ 1.000e+00  1.967e-15 -2.705e-16]
 [ 2.029e-15 -9.828e-01  1.846e-01]
 [ 1.037e-16 -1.846e-01 -9.828e-01]]
R_desired: 
 [[ 1.    -0.    -0.001]
 [ 0.    -0.982  0.189]
 [-0.001 -0.189 -0.982]]
------------------------------------------- FK -------------------------------------------
Current EE Orientation: 
 [[ 1.000e+00  1.967e-15 -2.707e-16]
 [ 2.195e-15 -9.828e-01  1.848e-01]
 [ 1.246e-16 -1.848e-01 -9.828e-01]]
____________________________________________________________________________________________________________________________
input current output js wrist joint values (roll,gamma,beta,alpha): 
 [-0.0, 0.04950500903272865, 0.0, 0.0]
IK wrist joint values pre-cable allocation (roll,gamma,beta,alpha): 
 [-0.0, 0.06189563231949479, 0.0, 0.0]
IK wrist joint values post-cable allocation (roll,gamma,beta,alpha): 
 [-0.0, 0.06197037048394325, 0.0, 0.0]
cable allocation error(roll,gamma,beta,alpha): 
 [0.0, 7.47381644484596e-05, 0.0, 0.0]
============================================================================================================================
iteration:  19
------------------------------------------- FK -------------------------------------------
Current EE Orientation: 
 [[ 1.000e+00 -1.556e-04 -9.878e-04]
 [ 2.031e-15 -9.878e-01  1.556e-01]
 [-1.000e-03 -1.556e-01 -9.878e-01]]
------------------------------------------- IK -------------------------------------------

--- 0.006985902786254883 seconds ---
i:  3
orientation error:  0.021268557753668732
R_current: 
 [[ 1.000e+00  1.966e-15 -2.754e-16]
 [ 2.029e-15 -9.817e-01  1.907e-01]
 [ 1.085e-16 -1.907e-01 -9.817e-01]]
R_desired: 
 [[ 1.    -0.    -0.001]
 [ 0.    -0.98   0.198]
 [-0.001 -0.198 -0.98 ]]
------------------------------------------- FK -------------------------------------------
Current EE Orientation: 
 [[ 1.000e+00  1.966e-15 -2.756e-16]
 [ 2.028e-15 -9.816e-01  1.909e-01]
 [ 1.190e-16 -1.909e-01 -9.816e-01]]
____________________________________________________________________________________________________________________________
input current output js wrist joint values (roll,gamma,beta,alpha): 
 [-0.0, 0.052079011770591016, 0.0, 0.0]
IK wrist joint values pre-cable allocation (roll,gamma,beta,alpha): 
 [-0.0, 0.06395111062179179, 0.0, 0.0]
IK wrist joint values post-cable allocation (roll,gamma,beta,alpha): 
 [-0.0, 0.06403054462944241, 0.0, 0.0]
cable allocation error(roll,gamma,beta,alpha): 
 [0.0, 7.943400765061948e-05, 0.0, 0.0]
============================================================================================================================
iteration:  20
------------------------------------------- FK -------------------------------------------
Current EE Orientation: 
 [[ 1.000e+00 -1.634e-04 -9.866e-04]
 [ 2.030e-15 -9.866e-01  1.634e-01]
 [-1.000e-03 -1.634e-01 -9.866e-01]]
------------------------------------------- IK -------------------------------------------

--- 0.008977413177490234 seconds ---
i:  4
orientation error:  0.016495051981978523
R_current: 
 [[ 1.000e+00  1.962e-15 -2.928e-16]
 [ 2.359e-15 -9.772e-01  2.124e-01]
 [ 1.493e-16 -2.124e-01 -9.772e-01]]
R_desired: 
 [[ 1.    -0.    -0.001]
 [ 0.    -0.978  0.208]
 [-0.001 -0.208 -0.978]]
------------------------------------------- FK -------------------------------------------
Current EE Orientation: 
 [[ 1.000e+00  1.962e-15 -2.930e-16]
 [ 2.359e-15 -9.771e-01  2.127e-01]
 [ 1.599e-16 -2.127e-01 -9.771e-01]]
____________________________________________________________________________________________________________________________
input current output js wrist joint values (roll,gamma,beta,alpha): 
 [-0.0, 0.0547174217298257, 0.0, 0.0]
IK wrist joint values pre-cable allocation (roll,gamma,beta,alpha): 
 [-0.0, 0.07134541376408579, 0.0, 0.0]
IK wrist joint values post-cable allocation (roll,gamma,beta,alpha): 
 [-0.0, 0.07144270933162554, 0.0, 0.0]
cable allocation error(roll,gamma,beta,alpha): 
 [0.0, 9.729556753974855e-05, 0.0, 0.0]
============================================================================================================================
iteration:  21
------------------------------------------- FK -------------------------------------------
Current EE Orientation: 
 [[ 1.000e+00 -1.719e-04 -9.851e-04]
 [ 2.362e-15 -9.851e-01  1.719e-01]
 [-1.000e-03 -1.719e-01 -9.851e-01]]
------------------------------------------- IK -------------------------------------------

--- 0.005982160568237305 seconds ---
i:  3
orientation error:  0.0
R_current: 
 [[ 1.000e+00  1.962e-15 -2.919e-16]
 [ 2.194e-15 -9.774e-01  2.113e-01]
 [ 1.365e-16 -2.113e-01 -9.774e-01]]
R_desired: 
 [[ 1.    -0.    -0.001]
 [ 0.    -0.976  0.218]
 [-0.001 -0.218 -0.976]]
------------------------------------------- FK -------------------------------------------
Current EE Orientation: 
 [[ 1.000e+00  1.962e-15 -2.921e-16]
 [ 2.193e-15 -9.774e-01  2.116e-01]
 [ 1.471e-16 -2.116e-01 -9.774e-01]]
____________________________________________________________________________________________________________________________
input current output js wrist joint values (roll,gamma,beta,alpha): 
 [-0.0, 0.05757134410384633, 0.0, 0.0]
IK wrist joint values pre-cable allocation (roll,gamma,beta,alpha): 
 [-0.0, 0.07096500229530373, 0.0, 0.0]
IK wrist joint values post-cable allocation (roll,gamma,beta,alpha): 
 [-0.0, 0.07106134295884033, 0.0, 0.0]
cable allocation error(roll,gamma,beta,alpha): 
 [0.0, 9.634066353660098e-05, 0.0, 0.0]
============================================================================================================================
iteration:  22
------------------------------------------- FK -------------------------------------------
Current EE Orientation: 
 [[ 1.000e+00 -1.803e-04 -9.836e-04]
 [ 2.196e-15 -9.836e-01  1.803e-01]
 [-1.000e-03 -1.803e-01 -9.836e-01]]
------------------------------------------- IK -------------------------------------------

--- 0.004987478256225586 seconds ---
i:  2
orientation error:  0.0
R_current: 
 [[ 1.000e+00  1.962e-15 -2.914e-16]
 [ 2.028e-15 -9.776e-01  2.107e-01]
 [ 1.242e-16 -2.107e-01 -9.776e-01]]
R_desired: 
 [[ 1.    -0.    -0.001]
 [ 0.    -0.974  0.228]
 [-0.001 -0.228 -0.974]]
------------------------------------------- FK -------------------------------------------
Current EE Orientation: 
 [[ 1.000e+00  1.962e-15 -2.916e-16]
 [ 2.193e-15 -9.775e-01  2.110e-01]
 [ 1.466e-16 -2.110e-01 -9.775e-01]]
____________________________________________________________________________________________________________________________
input current output js wrist joint values (roll,gamma,beta,alpha): 
 [-0.0, 0.06042526647786695, 0.0, 0.0]
IK wrist joint values pre-cable allocation (roll,gamma,beta,alpha): 
 [-0.0, 0.07076160967749118, 0.0, 0.0]
IK wrist joint values post-cable allocation (roll,gamma,beta,alpha): 
 [-0.0, 0.07085744135533646, 0.0, 0.0]
cable allocation error(roll,gamma,beta,alpha): 
 [0.0, 9.583167784528446e-05, 0.0, 0.0]
============================================================================================================================
iteration:  23
------------------------------------------- FK -------------------------------------------
Current EE Orientation: 
 [[ 1.000e+00 -1.887e-04 -9.820e-04]
 [ 2.029e-15 -9.820e-01  1.887e-01]
 [-1.000e-03 -1.887e-01 -9.820e-01]]
------------------------------------------- IK -------------------------------------------

--- 0.011991262435913086 seconds ---
i:  3
orientation error:  0.0319523323957639
R_current: 
 [[ 1.000e+00  1.958e-15 -3.083e-16]
 [ 2.026e-15 -9.728e-01  2.317e-01]
 [ 1.408e-16 -2.317e-01 -9.728e-01]]
R_desired: 
 [[ 1.    -0.    -0.001]
 [ 0.    -0.971  0.237]
 [-0.001 -0.237 -0.971]]
------------------------------------------- FK -------------------------------------------
Current EE Orientation: 
 [[ 1.000e+00  1.958e-15 -3.085e-16]
 [ 2.356e-15 -9.727e-01  2.321e-01]
 [ 1.877e-16 -2.321e-01 -9.727e-01]]
____________________________________________________________________________________________________________________________
input current output js wrist joint values (roll,gamma,beta,alpha): 
 [-0.0, 0.06327918885188759, 0.0, 0.0]
IK wrist joint values pre-cable allocation (roll,gamma,beta,alpha): 
 [-0.0, 0.07795422713696204, 0.0, 0.0]
IK wrist joint values post-cable allocation (roll,gamma,beta,alpha): 
 [-0.0, 0.07806870809547978, 0.0, 0.0]
cable allocation error(roll,gamma,beta,alpha): 
 [0.0, 0.00011448095851773754, 0.0, 0.0]
============================================================================================================================
iteration:  24
------------------------------------------- FK -------------------------------------------
Current EE Orientation: 
 [[ 1.000e+00 -1.971e-04 -9.804e-04]
 [ 2.028e-15 -9.804e-01  1.971e-01]
 [-1.000e-03 -1.971e-01 -9.804e-01]]
------------------------------------------- IK -------------------------------------------

--- 0.010001420974731445 seconds ---
i:  4
orientation error:  0.005888984801493941
R_current: 
 [[ 1.000e+00  1.955e-15 -3.222e-16]
 [ 2.023e-15 -9.685e-01  2.491e-01]
 [ 1.752e-16 -2.491e-01 -9.685e-01]]
R_desired: 
 [[ 1.    -0.    -0.001]
 [ 0.    -0.969  0.247]
 [-0.001 -0.247 -0.969]]
------------------------------------------- FK -------------------------------------------
Current EE Orientation: 
 [[ 1.000e+00  1.955e-15 -3.225e-16]
 [ 2.187e-15 -9.684e-01  2.495e-01]
 [ 2.102e-16 -2.495e-01 -9.684e-01]]
____________________________________________________________________________________________________________________________
input current output js wrist joint values (roll,gamma,beta,alpha): 
 [-0.0, 0.06613311122590819, 0.0, 0.0]
IK wrist joint values pre-cable allocation (roll,gamma,beta,alpha): 
 [-0.0, 0.08391674349925694, 0.0, 0.0]
IK wrist joint values post-cable allocation (roll,gamma,beta,alpha): 
 [-0.0, 0.0840476559575602, 0.0, 0.0]
cable allocation error(roll,gamma,beta,alpha): 
 [0.0, 0.00013091245830325338, 0.0, 0.0]
============================================================================================================================
iteration:  25
------------------------------------------- FK -------------------------------------------
Current EE Orientation: 
 [[ 1.000e+00 -2.062e-04 -9.785e-04]
 [ 2.027e-15 -9.785e-01  2.062e-01]
 [-1.000e-03 -2.062e-01 -9.785e-01]]
------------------------------------------- IK -------------------------------------------

--- 0.0069484710693359375 seconds ---
i:  3
orientation error:  0.02924754725299266
R_current: 
 [[ 1.000e+00  1.955e-15 -3.226e-16]
 [ 2.021e-15 -9.684e-01  2.496e-01]
 [ 1.963e-16 -2.496e-01 -9.684e-01]]
R_desired: 
 [[ 1.    -0.    -0.001]
 [ 0.    -0.966  0.257]
 [-0.001 -0.257 -0.966]]
------------------------------------------- FK -------------------------------------------
Current EE Orientation: 
 [[ 1.000e+00  1.955e-15 -3.229e-16]
 [ 2.019e-15 -9.683e-01  2.500e-01]
 [ 2.173e-16 -2.500e-01 -9.683e-01]]
____________________________________________________________________________________________________________________________
input current output js wrist joint values (roll,gamma,beta,alpha): 
 [-0.0, 0.0692218170610929, 0.0, 0.0]
IK wrist joint values pre-cable allocation (roll,gamma,beta,alpha): 
 [-0.0, 0.08408733119981747, 0.0, 0.0]
IK wrist joint values post-cable allocation (roll,gamma,beta,alpha): 
 [-0.0, 0.08421872614246294, 0.0, 0.0]
cable allocation error(roll,gamma,beta,alpha): 
 [0.0, 0.00013139494264546858, 0.0, 0.0]
============================================================================================================================
iteration:  26
------------------------------------------- FK -------------------------------------------
Current EE Orientation: 
 [[ 1.000e+00 -2.108e-04 -9.775e-04]
 [ 2.194e-15 -9.775e-01  2.108e-01]
 [-1.000e-03 -2.108e-01 -9.775e-01]]
------------------------------------------- IK -------------------------------------------

--- 0.009974956512451172 seconds ---
i:  3
orientation error:  0.0
R_current: 
 [[ 1.000e+00  1.953e-15 -3.318e-16]
 [ 2.183e-15 -9.653e-01  2.611e-01]
 [ 2.407e-16 -2.611e-01 -9.653e-01]]
R_desired: 
 [[ 1.    -0.    -0.001]
 [ 0.    -0.964  0.266]
 [-0.001 -0.266 -0.964]]
------------------------------------------- FK -------------------------------------------
Current EE Orientation: 
 [[ 1.000e+00  1.953e-15 -3.322e-16]
