============================================================================================================================
iteration:  0
------------------------------------------- FK -------------------------------------------
Total Wrist Cable Deltas: 
 [gamma,beta,alpha]
 [0 0 0]
[[1.299 0.277 0.277]
 [0.277 1.299 0.277]
 [0.277 0.277 1.299]]
[[ 0.832 -0.146 -0.146]
 [-0.146  0.832 -0.146]
 [-0.146 -0.146  0.832]]
Divided Cable Displacements per Notch:  [0. 0. 0.]
[0. 0. 0.]
[0. 0. 0.]
Current EE Orientation: 
 [[ 1.000e+00  1.987e-15 -1.000e-03]
 [ 2.032e-15 -1.000e+00 -1.225e-16]
 [-1.000e-03  1.205e-16 -1.000e+00]]
------------------------------------------- IK -------------------------------------------
Total Wrist Cable Deltas: 
 [gamma,beta,alpha]
 [0 0 0]
[[1.299 0.277 0.277]
 [0.277 1.299 0.277]
 [0.277 0.277 1.299]]
[[ 0.832 -0.146 -0.146]
 [-0.146  0.832 -0.146]
 [-0.146 -0.146  0.832]]
Divided Cable Displacements per Notch:  [0. 0. 0.]
[0. 0. 0.]
[0. 0. 0.]

--- 0.0020203590393066406 seconds ---
i:  1
orientation error:  2.9802322387695312e-08
R_current: 
 [[ 1.000e+00  1.987e-15 -1.225e-16]
 [ 2.032e-15 -1.000e+00  2.235e-08]
 [-1.225e-16 -2.235e-08 -1.000e+00]]
R_desired: 
 [[ 1.    -0.    -0.001]
 [ 0.    -1.     0.01 ]
 [-0.001 -0.01  -1.   ]]
Cables Delta: 
 [0. 0. 0.]
------------------------------------------- FK -------------------------------------------
Total Wrist Cable Deltas: 
 [gamma,beta,alpha]
 [0 0 0]
[[1.299 0.277 0.277]
 [0.277 1.299 0.277]
 [0.277 0.277 1.299]]
[[ 0.832 -0.146 -0.146]
 [-0.146  0.832 -0.146]
 [-0.146 -0.146  0.832]]
Divided Cable Displacements per Notch:  [0. 0. 0.]
[0. 0. 0.]
[0. 0. 0.]
Current EE Orientation: 
 [[ 1.000e+00  1.987e-15 -1.225e-16]
 [ 2.032e-15 -1.000e+00 -1.225e-16]
 [-1.225e-16  1.225e-16 -1.000e+00]]
____________________________________________________________________________________________________________________________
input current output js wrist joint values (roll,gamma,beta,alpha): 
 [-0.0, 0.0, 0.0, 0.0]
IK wrist joint values pre-cable allocation (roll,gamma,beta,alpha): 
 [-0.0, 7.450580596923828e-09, 0.0, 0.0]
IK wrist joint values post-cable allocation (roll,gamma,beta,alpha): 
 [-0.0, 0.0, 0.0, 0.0]
cable allocation error(roll,gamma,beta,alpha): 
 [0.0, -7.450580596923828e-09, 0.0, 0.0]
============================================================================================================================
iteration:  1
------------------------------------------- FK -------------------------------------------
Total Wrist Cable Deltas: 
 [gamma,beta,alpha]
 [0.01 0.   0.  ]
[[1.299 0.277 0.277]
 [0.277 1.299 0.277]
 [0.277 0.277 1.299]]
[[ 0.832 -0.146 -0.146]
 [-0.146  0.832 -0.146]
 [-0.146 -0.146  0.832]]
Divided Cable Displacements per Notch:  [0.003 0.    0.   ]
[ 0.003 -0.    -0.   ]
[0.003 0.    0.   ]
Current EE Orientation: 
 [[ 1.000e+00 -7.998e-06 -1.000e-03]
 [ 2.032e-15 -1.000e+00  7.998e-03]
 [-1.000e-03 -7.998e-03 -1.000e+00]]
------------------------------------------- IK -------------------------------------------
Total Wrist Cable Deltas: 
 [gamma,beta,alpha]
 [0.01 0.   0.  ]
[[1.299 0.277 0.277]
 [0.277 1.299 0.277]
 [0.277 0.277 1.299]]
[[ 0.832 -0.146 -0.146]
 [-0.146  0.832 -0.146]
 [-0.146 -0.146  0.832]]
Divided Cable Displacements per Notch:  [0.003 0.    0.   ]
[ 0.003 -0.    -0.   ]
[0.003 0.    0.   ]

--- 0.0020236968994140625 seconds ---
i:  1
orientation error:  0.0
R_current: 
 [[ 1.000e+00  1.986e-15 -1.289e-16]
 [ 2.032e-15 -1.000e+00  7.998e-03]
 [-1.124e-16 -7.998e-03 -1.000e+00]]
R_desired: 
 [[ 1.    -0.    -0.001]
 [ 0.    -1.     0.02 ]
 [-0.001 -0.02  -1.   ]]
Cables Delta: 
 [0.01 0.   0.  ]
------------------------------------------- FK -------------------------------------------
Total Wrist Cable Deltas: 
 [gamma,beta,alpha]
 [0.01 0.   0.  ]
[[1.299 0.277 0.277]
 [0.277 1.299 0.277]
 [0.277 0.277 1.299]]
[[ 0.832 -0.146 -0.146]
 [-0.146  0.832 -0.146]
 [-0.146 -0.146  0.832]]
Divided Cable Displacements per Notch:  [0.003 0.    0.   ]
[ 0.003 -0.    -0.   ]
[0.003 0.    0.   ]
Current EE Orientation: 
 [[ 1.000e+00  1.986e-15 -1.291e-16]
 [ 2.199e-15 -1.000e+00  8.289e-03]
 [-1.111e-16 -8.289e-03 -1.000e+00]]
____________________________________________________________________________________________________________________________
input current output js wrist joint values (roll,gamma,beta,alpha): 
 [-0.0, 0.0026660423327343748, 0.0, 0.0]
IK wrist joint values pre-cable allocation (roll,gamma,beta,alpha): 
 [-0.0, 0.0026660423327343748, 0.0, 0.0]
IK wrist joint values post-cable allocation (roll,gamma,beta,alpha): 
 [-0.0, 0.002763050945665215, 0.0, 0.0]
cable allocation error(roll,gamma,beta,alpha): 
 [0.0, 9.700861293084019e-05, 0.0, 0.0]
============================================================================================================================
iteration:  2
------------------------------------------- FK -------------------------------------------
Total Wrist Cable Deltas: 
 [gamma,beta,alpha]
 [0.019 0.    0.   ]
[[1.299 0.277 0.277]
 [0.277 1.299 0.277]
 [0.277 0.277 1.299]]
[[ 0.832 -0.146 -0.146]
 [-0.146  0.832 -0.146]
 [-0.146 -0.146  0.832]]
Divided Cable Displacements per Notch:  [0.006 0.    0.   ]
[ 0.005 -0.001 -0.001]
[0.005 0.    0.   ]
Current EE Orientation: 
 [[ 1.000e+00 -1.615e-05 -9.999e-04]
 [ 2.199e-15 -9.999e-01  1.615e-02]
 [-1.000e-03 -1.615e-02 -9.999e-01]]
------------------------------------------- IK -------------------------------------------
Total Wrist Cable Deltas: 
 [gamma,beta,alpha]
 [0.019 0.    0.   ]
[[1.299 0.277 0.277]
 [0.277 1.299 0.277]
 [0.277 0.277 1.299]]
[[ 0.832 -0.146 -0.146]
 [-0.146  0.832 -0.146]
 [-0.146 -0.146  0.832]]
Divided Cable Displacements per Notch:  [0.006 0.    0.   ]
[ 0.005 -0.001 -0.001]
[0.005 0.    0.   ]

--- 0.0029959678649902344 seconds ---
i:  1
orientation error:  0.0
R_current: 
 [[ 1.000e+00  1.986e-15 -1.355e-16]
 [ 2.199e-15 -9.999e-01  1.615e-02]
 [-1.001e-16 -1.615e-02 -9.999e-01]]
R_desired: 
 [[ 1.    -0.    -0.001]
 [ 0.    -1.     0.03 ]
 [-0.001 -0.03  -1.   ]]
Cables Delta: 
 [0.02 0.   0.  ]
------------------------------------------- FK -------------------------------------------
Total Wrist Cable Deltas: 
 [gamma,beta,alpha]
 [0.02 0.   0.  ]
[[1.299 0.277 0.277]
 [0.277 1.299 0.277]
 [0.277 0.277 1.299]]
[[ 0.832 -0.146 -0.146]
 [-0.146  0.832 -0.146]
 [-0.146 -0.146  0.832]]
Divided Cable Displacements per Notch:  [0.007 0.    0.   ]
[ 0.006 -0.001 -0.001]
[0.006 0.    0.   ]
Current EE Orientation: 
 [[ 1.000e+00  1.986e-15 -1.359e-16]
 [ 2.199e-15 -9.999e-01  1.674e-02]
 [-9.957e-17 -1.674e-02 -9.999e-01]]
____________________________________________________________________________________________________________________________
input current output js wrist joint values (roll,gamma,beta,alpha): 
 [-0.0, 0.005384685424714053, 0.0, 0.0]
IK wrist joint values pre-cable allocation (roll,gamma,beta,alpha): 
 [-0.0, 0.005384685424714053, 0.0, 0.0]
IK wrist joint values post-cable allocation (roll,gamma,beta,alpha): 
 [-0.0, 0.0055809466306660765, 0.0, 0.0]
cable allocation error(roll,gamma,beta,alpha): 
 [0.0, 0.00019626120595202332, 0.0, 0.0]
============================================================================================================================
iteration:  3
------------------------------------------- FK -------------------------------------------
Total Wrist Cable Deltas: 
 [gamma,beta,alpha]
 [0.03 0.   0.  ]
[[1.299 0.277 0.277]
 [0.277 1.299 0.277]
 [0.277 0.277 1.299]]
[[ 0.832 -0.146 -0.146]
 [-0.146  0.832 -0.146]
 [-0.146 -0.146  0.832]]
Divided Cable Displacements per Notch:  [0.01 0.   0.  ]
[ 0.008 -0.001 -0.001]
[0.008 0.    0.   ]
Current EE Orientation: 
 [[ 1.000e+00 -2.516e-05 -9.997e-04]
 [ 2.199e-15 -9.997e-01  2.516e-02]
 [-1.000e-03 -2.516e-02 -9.997e-01]]
------------------------------------------- IK -------------------------------------------
Total Wrist Cable Deltas: 
 [gamma,beta,alpha]
 [0.03 0.   0.  ]
[[1.299 0.277 0.277]
 [0.277 1.299 0.277]
 [0.277 0.277 1.299]]
[[ 0.832 -0.146 -0.146]
 [-0.146  0.832 -0.146]
 [-0.146 -0.146  0.832]]
Divided Cable Displacements per Notch:  [0.01 0.   0.  ]
[ 0.008 -0.001 -0.001]
[0.008 0.    0.   ]

--- 0.005951642990112305 seconds ---
i:  3
orientation error:  0.020337620351757006
R_current: 
 [[ 1.000e+00  1.984e-15 -1.577e-16]
 [ 2.367e-15 -9.990e-01  4.382e-02]
 [-6.049e-17 -4.382e-02 -9.990e-01]]
R_desired: 
 [[ 1.    -0.    -0.001]
 [ 0.    -0.999  0.04 ]
 [-0.001 -0.04  -0.999]]
Cables Delta: 
 [0.055 0.    0.   ]
------------------------------------------- FK -------------------------------------------
Total Wrist Cable Deltas: 
 [gamma,beta,alpha]
 [0.055 0.    0.   ]
[[1.299 0.277 0.277]
 [0.277 1.299 0.277]
 [0.277 0.277 1.299]]
[[ 0.832 -0.146 -0.146]
 [-0.146  0.832 -0.146]
 [-0.146 -0.146  0.832]]
Divided Cable Displacements per Notch:  [0.018 0.    0.   ]
[ 0.015 -0.003 -0.003]
[0.015 0.    0.   ]
Current EE Orientation: 
 [[ 1.000e+00  1.984e-15 -1.590e-16]
 [ 2.200e-15 -9.990e-01  4.543e-02]
 [-5.899e-17 -4.543e-02 -9.990e-01]]
____________________________________________________________________________________________________________________________
input current output js wrist joint values (roll,gamma,beta,alpha): 
 [-0.0, 0.008388798011576905, 0.0, 0.0]
IK wrist joint values pre-cable allocation (roll,gamma,beta,alpha): 
 [-0.0, 0.014611807895422605, 0.0, 0.0]
IK wrist joint values post-cable allocation (roll,gamma,beta,alpha): 
 [-0.0, 0.015147349405536989, 0.0, 0.0]
cable allocation error(roll,gamma,beta,alpha): 
 [0.0, 0.0005355415101143835, 0.0, 0.0]
============================================================================================================================
iteration:  4
------------------------------------------- FK -------------------------------------------
Total Wrist Cable Deltas: 
 [gamma,beta,alpha]
 [0.04 0.   0.  ]
[[1.299 0.277 0.277]
 [0.277 1.299 0.277]
 [0.277 0.277 1.299]]
[[ 0.832 -0.146 -0.146]
 [-0.146  0.832 -0.146]
 [-0.146 -0.146  0.832]]
Divided Cable Displacements per Notch:  [0.013 0.    0.   ]
[ 0.011 -0.002 -0.002]
[0.011 0.    0.   ]
Current EE Orientation: 
 [[ 1.000e+00 -3.359e-05 -9.994e-04]
 [ 2.200e-15 -9.994e-01  3.359e-02]
 [-1.000e-03 -3.359e-02 -9.994e-01]]
------------------------------------------- IK -------------------------------------------
Total Wrist Cable Deltas: 
 [gamma,beta,alpha]
 [0.04 0.   0.  ]
[[1.299 0.277 0.277]
 [0.277 1.299 0.277]
 [0.277 0.277 1.299]]
[[ 0.832 -0.146 -0.146]
 [-0.146  0.832 -0.146]
 [-0.146 -0.146  0.832]]
Divided Cable Displacements per Notch:  [0.013 0.    0.   ]
[ 0.011 -0.002 -0.002]
[0.011 0.    0.   ]

--- 0.00202178955078125 seconds ---
i:  1
orientation error:  0.0
R_current: 
 [[ 1.000e+00  1.985e-15 -1.495e-16]
 [ 2.200e-15 -9.994e-01  3.359e-02]
 [-7.657e-17 -3.359e-02 -9.994e-01]]
R_desired: 
 [[ 1.    -0.    -0.001]
 [ 0.    -0.999  0.05 ]
 [-0.001 -0.05  -0.999]]
Cables Delta: 
 [0.042 0.    0.   ]
------------------------------------------- FK -------------------------------------------
Total Wrist Cable Deltas: 
 [gamma,beta,alpha]
 [0.042 0.    0.   ]
[[1.299 0.277 0.277]
 [0.277 1.299 0.277]
 [0.277 0.277 1.299]]
[[ 0.832 -0.146 -0.146]
 [-0.146  0.832 -0.146]
 [-0.146 -0.146  0.832]]
Divided Cable Displacements per Notch:  [0.014 0.    0.   ]
[ 0.012 -0.002 -0.002]
[0.012 0.    0.   ]
Current EE Orientation: 
 [[ 1.000e+00  1.985e-15 -1.505e-16]
 [ 2.200e-15 -9.994e-01  3.482e-02]
 [-7.816e-17 -3.482e-02 -9.994e-01]]
____________________________________________________________________________________________________________________________
input current output js wrist joint values (roll,gamma,beta,alpha): 
 [-0.0, 0.01119797555225334, 0.0, 0.0]
IK wrist joint values pre-cable allocation (roll,gamma,beta,alpha): 
 [-0.0, 0.01119797555225334, 0.0, 0.0]
IK wrist joint values post-cable allocation (roll,gamma,beta,alpha): 
 [-0.0, 0.011607563268325844, 0.0, 0.0]
cable allocation error(roll,gamma,beta,alpha): 
 [0.0, 0.00040958771607250456, 0.0, 0.0]
============================================================================================================================
iteration:  5
------------------------------------------- FK -------------------------------------------
Total Wrist Cable Deltas: 
 [gamma,beta,alpha]
 [0.051 0.    0.   ]
[[1.299 0.277 0.277]
 [0.277 1.299 0.277]
 [0.277 0.277 1.299]]
[[ 0.832 -0.146 -0.146]
 [-0.146  0.832 -0.146]
 [-0.146 -0.146  0.832]]
Divided Cable Displacements per Notch:  [0.017 0.    0.   ]
[ 0.014 -0.002 -0.002]
[0.014 0.    0.   ]
Current EE Orientation: 
 [[ 1.000e+00 -4.220e-05 -9.991e-04]
 [ 2.366e-15 -9.991e-01  4.220e-02]
 [-1.000e-03 -4.220e-02 -9.991e-01]]
------------------------------------------- IK -------------------------------------------
Total Wrist Cable Deltas: 
 [gamma,beta,alpha]
 [0.051 0.    0.   ]
[[1.299 0.277 0.277]
 [0.277 1.299 0.277]
 [0.277 0.277 1.299]]
[[ 0.832 -0.146 -0.146]
 [-0.146  0.832 -0.146]
 [-0.146 -0.146  0.832]]
Divided Cable Displacements per Notch:  [0.017 0.    0.   ]
[ 0.014 -0.002 -0.002]
[0.014 0.    0.   ]

--- 0.005978822708129883 seconds ---
i:  3
orientation error:  0.020023028026286957
R_current: 
 [[ 1.000e+00  1.982e-15 -1.725e-16]
 [ 2.200e-15 -9.981e-01  6.221e-02]
 [-3.471e-17 -6.221e-02 -9.981e-01]]
R_desired: 
 [[ 1.    -0.    -0.001]
 [ 0.    -0.998  0.06 ]
 [-0.001 -0.06  -0.998]]
Cables Delta: 
 [0.078 0.    0.   ]
------------------------------------------- FK -------------------------------------------
Total Wrist Cable Deltas: 
 [gamma,beta,alpha]
 [0.078 0.    0.   ]
[[1.299 0.277 0.277]
 [0.277 1.299 0.277]
 [0.277 0.277 1.299]]
[[ 0.832 -0.146 -0.146]
 [-0.146  0.832 -0.146]
 [-0.146 -0.146  0.832]]
Divided Cable Displacements per Notch:  [0.026 0.    0.   ]
[ 0.022 -0.004 -0.004]
[0.022 0.    0.   ]
Current EE Orientation: 
 [[ 1.000e+00  1.982e-15 -1.743e-16]
 [ 2.034e-15 -9.979e-01  6.450e-02]
 [-3.640e-17 -6.450e-02 -9.979e-01]]
____________________________________________________________________________________________________________________________
input current output js wrist joint values (roll,gamma,beta,alpha): 
 [-0.0, 0.014070892994760109, 0.0, 0.0]
IK wrist joint values pre-cable allocation (roll,gamma,beta,alpha): 
 [-0.0, 0.020751591207769482, 0.0, 0.0]
IK wrist joint values post-cable allocation (roll,gamma,beta,alpha): 
 [-0.0, 0.02151488558175098, 0.0, 0.0]
cable allocation error(roll,gamma,beta,alpha): 
 [0.0, 0.0007632943739814997, 0.0, 0.0]
============================================================================================================================
iteration:  6
------------------------------------------- FK -------------------------------------------
Total Wrist Cable Deltas: 
 [gamma,beta,alpha]
 [0.061 0.    0.   ]
[[1.299 0.277 0.277]
 [0.277 1.299 0.277]
 [0.277 0.277 1.299]]
[[ 0.832 -0.146 -0.146]
 [-0.146  0.832 -0.146]
 [-0.146 -0.146  0.832]]
Divided Cable Displacements per Notch:  [0.02 0.   0.  ]
[ 0.017 -0.003 -0.003]
[0.017 0.    0.   ]
Current EE Orientation: 
 [[ 1.000e+00 -5.081e-05 -9.987e-04]
 [ 2.034e-15 -9.987e-01  5.081e-02]
 [-1.000e-03 -5.081e-02 -9.987e-01]]
------------------------------------------- IK -------------------------------------------
Total Wrist Cable Deltas: 
 [gamma,beta,alpha]
 [0.061 0.    0.   ]
[[1.299 0.277 0.277]
 [0.277 1.299 0.277]
 [0.277 0.277 1.299]]
[[ 0.832 -0.146 -0.146]
 [-0.146  0.832 -0.146]
 [-0.146 -0.146  0.832]]
Divided Cable Displacements per Notch:  [0.02 0.   0.  ]
[ 0.017 -0.003 -0.003]
[0.017 0.    0.   ]

--- 0.001973867416381836 seconds ---
i:  1
orientation error:  0.0
R_current: 
 [[ 1.000e+00  1.983e-15 -1.633e-16]
 [ 2.034e-15 -9.987e-01  5.081e-02]
 [-5.997e-17 -5.081e-02 -9.987e-01]]
R_desired: 
 [[ 1.    -0.    -0.001]
 [ 0.    -0.998  0.07 ]
 [-0.001 -0.07  -0.998]]
Cables Delta: 
 [0.063 0.    0.   ]
------------------------------------------- FK -------------------------------------------
Total Wrist Cable Deltas: 
 [gamma,beta,alpha]
 [0.063 0.    0.   ]
[[1.299 0.277 0.277]
 [0.277 1.299 0.277]
 [0.277 0.277 1.299]]
[[ 0.832 -0.146 -0.146]
 [-0.146  0.832 -0.146]
 [-0.146 -0.146  0.832]]
Divided Cable Displacements per Notch:  [0.021 0.    0.   ]
[ 0.018 -0.003 -0.003]
[0.018 0.    0.   ]
Current EE Orientation: 
 [[ 1.000e+00  1.983e-15 -1.648e-16]
 [ 2.034e-15 -9.986e-01  5.267e-02]
 [-5.853e-17 -5.267e-02 -9.986e-01]]
____________________________________________________________________________________________________________________________
input current output js wrist joint values (roll,gamma,beta,alpha): 
 [-0.0, 0.01694381043726688, 0.0, 0.0]
IK wrist joint values pre-cable allocation (roll,gamma,beta,alpha): 
 [-0.0, 0.01694381043726688, 0.0, 0.0]
IK wrist joint values post-cable allocation (roll,gamma,beta,alpha): 
 [-0.0, 0.017565673467320395, 0.0, 0.0]
cable allocation error(roll,gamma,beta,alpha): 
 [0.0, 0.0006218630300535155, 0.0, 0.0]
============================================================================================================================
iteration:  7
------------------------------------------- FK -------------------------------------------
Total Wrist Cable Deltas: 
 [gamma,beta,alpha]
 [0.07 0.   0.  ]
[[1.299 0.277 0.277]
 [0.277 1.299 0.277]
 [0.277 0.277 1.299]]
[[ 0.832 -0.146 -0.146]
 [-0.146  0.832 -0.146]
 [-0.146 -0.146  0.832]]
Divided Cable Displacements per Notch:  [0.023 0.    0.   ]
[ 0.019 -0.003 -0.003]
[0.019 0.    0.   ]
Current EE Orientation: 
 [[ 1.000e+00 -5.838e-05 -9.983e-04]
 [ 2.367e-15 -9.983e-01  5.838e-02]
 [-1.000e-03 -5.838e-02 -9.983e-01]]
------------------------------------------- IK -------------------------------------------
Total Wrist Cable Deltas: 
 [gamma,beta,alpha]
 [0.07 0.   0.  ]
[[1.299 0.277 0.277]
 [0.277 1.299 0.277]
 [0.277 0.277 1.299]]
[[ 0.832 -0.146 -0.146]
 [-0.146  0.832 -0.146]
 [-0.146 -0.146  0.832]]
Divided Cable Displacements per Notch:  [0.023 0.    0.   ]
[ 0.019 -0.003 -0.003]
[0.019 0.    0.   ]

--- 0.004987955093383789 seconds ---
i:  2
orientation error:  0.0
R_current: 
 [[ 1.000e+00  1.982e-15 -1.740e-16]
 [ 2.034e-15 -9.979e-01  6.418e-02]
 [-3.665e-17 -6.418e-02 -9.979e-01]]
R_desired: 
 [[ 1.    -0.    -0.001]
 [ 0.    -0.997  0.08 ]
 [-0.001 -0.08  -0.997]]
Cables Delta: 
 [0.08 0.   0.  ]
------------------------------------------- FK -------------------------------------------
Total Wrist Cable Deltas: 
 [gamma,beta,alpha]
 [0.08 0.   0.  ]
[[1.299 0.277 0.277]
 [0.277 1.299 0.277]
 [0.277 0.277 1.299]]
[[ 0.832 -0.146 -0.146]
 [-0.146  0.832 -0.146]
 [-0.146 -0.146  0.832]]
Divided Cable Displacements per Notch:  [0.027 0.    0.   ]
[ 0.022 -0.004 -0.004]
[0.022 0.    0.   ]
Current EE Orientation: 
 [[ 1.000e+00  1.982e-15 -1.759e-16]
 [ 2.034e-15 -9.978e-01  6.654e-02]
 [-4.003e-17 -6.654e-02 -9.978e-01]]
____________________________________________________________________________________________________________________________
input current output js wrist joint values (roll,gamma,beta,alpha): 
 [-0.0, 0.01947217833515241, 0.0, 0.0]
IK wrist joint values pre-cable allocation (roll,gamma,beta,alpha): 
 [-0.0, 0.021407965756909928, 0.0, 0.0]
IK wrist joint values post-cable allocation (roll,gamma,beta,alpha): 
 [-0.0, 0.02219569926212888, 0.0, 0.0]
cable allocation error(roll,gamma,beta,alpha): 
 [0.0, 0.0007877335052189523, 0.0, 0.0]
============================================================================================================================
iteration:  8
------------------------------------------- FK -------------------------------------------
Total Wrist Cable Deltas: 
 [gamma,beta,alpha]
 [0.083 0.    0.   ]
[[1.299 0.277 0.277]
 [0.277 1.299 0.277]
 [0.277 0.277 1.299]]
[[ 0.832 -0.146 -0.146]
 [-0.146  0.832 -0.146]
 [-0.146 -0.146  0.832]]
Divided Cable Displacements per Notch:  [0.028 0.    0.   ]
[ 0.023 -0.004 -0.004]
[0.023 0.    0.   ]
Current EE Orientation: 
 [[ 1.000e+00 -6.888e-05 -9.976e-04]
 [ 2.200e-15 -9.976e-01  6.888e-02]
 [-1.000e-03 -6.888e-02 -9.976e-01]]
------------------------------------------- IK -------------------------------------------
Total Wrist Cable Deltas: 
 [gamma,beta,alpha]
 [0.083 0.    0.   ]
[[1.299 0.277 0.277]
 [0.277 1.299 0.277]
 [0.277 0.277 1.299]]
[[ 0.832 -0.146 -0.146]
 [-0.146  0.832 -0.146]
 [-0.146 -0.146  0.832]]
Divided Cable Displacements per Notch:  [0.028 0.    0.   ]
[ 0.023 -0.004 -0.004]
[0.023 0.    0.   ]

--- 0.004018068313598633 seconds ---
i:  2
orientation error:  0.0
R_current: 
 [[ 1.000e+00  1.980e-15 -1.887e-16]
 [ 2.034e-15 -9.966e-01  8.252e-02]
 [-1.728e-17 -8.252e-02 -9.966e-01]]
R_desired: 
 [[ 1.    -0.    -0.001]
 [ 0.    -0.996  0.09 ]
 [-0.001 -0.09  -0.996]]
Cables Delta: 
 [0.103 0.    0.   ]
------------------------------------------- FK -------------------------------------------
Total Wrist Cable Deltas: 
 [gamma,beta,alpha]
 [0.103 0.    0.   ]
[[1.299 0.277 0.277]
 [0.277 1.299 0.277]
 [0.277 0.277 1.299]]
[[ 0.832 -0.146 -0.146]
 [-0.146  0.832 -0.146]
 [-0.146 -0.146  0.832]]
Divided Cable Displacements per Notch:  [0.034 0.    0.   ]
[ 0.029 -0.005 -0.005]
[0.029 0.    0.   ]
Current EE Orientation: 
 [[ 1.000e+00  1.980e-15 -1.912e-16]
 [ 2.367e-15 -9.963e-01  8.556e-02]
 [-5.421e-18 -8.556e-02 -9.963e-01]]
____________________________________________________________________________________________________________________________
input current output js wrist joint values (roll,gamma,beta,alpha): 
 [-0.0, 0.022976640070066067, 0.0, 0.0]
IK wrist joint values pre-cable allocation (roll,gamma,beta,alpha): 
 [-0.0, 0.027538038275045647, 0.0, 0.0]
IK wrist joint values post-cable allocation (roll,gamma,beta,alpha): 
 [-0.0, 0.02855484297260766, 0.0, 0.0]
cable allocation error(roll,gamma,beta,alpha): 
 [0.0, 0.0010168046975620147, 0.0, 0.0]
============================================================================================================================
iteration:  9
------------------------------------------- FK -------------------------------------------
Total Wrist Cable Deltas: 
 [gamma,beta,alpha]
 [0.093 0.    0.   ]
[[1.299 0.277 0.277]
 [0.277 1.299 0.277]
 [0.277 0.277 1.299]]
[[ 0.832 -0.146 -0.146]
 [-0.146  0.832 -0.146]
 [-0.146 -0.146  0.832]]
Divided Cable Displacements per Notch:  [0.031 0.    0.   ]
[ 0.026 -0.005 -0.005]
[0.026 0.    0.   ]
Current EE Orientation: 
 [[ 1.000e+00 -7.704e-05 -9.970e-04]
 [ 2.034e-15 -9.970e-01  7.704e-02]
 [-1.000e-03 -7.704e-02 -9.970e-01]]
------------------------------------------- IK -------------------------------------------
Total Wrist Cable Deltas: 
 [gamma,beta,alpha]
 [0.093 0.    0.   ]
[[1.299 0.277 0.277]
 [0.277 1.299 0.277]
 [0.277 0.277 1.299]]
[[ 0.832 -0.146 -0.146]
 [-0.146  0.832 -0.146]
 [-0.146 -0.146  0.832]]
Divided Cable Displacements per Notch:  [0.031 0.    0.   ]
[ 0.026 -0.005 -0.005]
[0.026 0.    0.   ]

--- 0.004008769989013672 seconds ---
i:  2
orientation error:  0.0036229612795898288
R_current: 
 [[ 1.000e+00  1.979e-15 -2.000e-16]
 [ 2.034e-15 -9.953e-01  9.656e-02]
 [-1.214e-18 -9.656e-02 -9.953e-01]]
R_desired: 
 [[ 1.    -0.    -0.001]
 [ 0.    -0.995  0.1  ]
 [-0.001 -0.1   -0.995]]
Cables Delta: 
 [0.12 0.   0.  ]
------------------------------------------- FK -------------------------------------------
Total Wrist Cable Deltas: 
 [gamma,beta,alpha]
 [0.12 0.   0.  ]
[[1.299 0.277 0.277]
 [0.277 1.299 0.277]
 [0.277 0.277 1.299]]
[[ 0.832 -0.146 -0.146]
 [-0.146  0.832 -0.146]
 [-0.146 -0.146  0.832]]
Divided Cable Displacements per Notch:  [0.04 0.   0.  ]
[ 0.033 -0.006 -0.006]
[0.033 0.    0.   ]
Current EE Orientation: 
 [[ 1.000e+00  1.978e-15 -2.028e-16]
 [ 2.034e-15 -9.950e-01  1.001e-01]
 [ 1.546e-18 -1.001e-01 -9.950e-01]]
____________________________________________________________________________________________________________________________
input current output js wrist joint values (roll,gamma,beta,alpha): 
 [-0.0, 0.025704636100536422, 0.0, 0.0]
IK wrist joint values pre-cable allocation (roll,gamma,beta,alpha): 
 [-0.0, 0.03223627174114535, 0.0, 0.0]
IK wrist joint values post-cable allocation (roll,gamma,beta,alpha): 
 [-0.0, 0.033429628197526526, 0.0, 0.0]
cable allocation error(roll,gamma,beta,alpha): 
 [0.0, 0.0011933564563811755, 0.0, 0.0]
============================================================================================================================
iteration:  10
------------------------------------------- FK -------------------------------------------
Total Wrist Cable Deltas: 
 [gamma,beta,alpha]
 [0.104 0.    0.   ]
[[1.299 0.277 0.277]
 [0.277 1.299 0.277]
 [0.277 0.277 1.299]]
[[ 0.832 -0.146 -0.146]
 [-0.146  0.832 -0.146]
 [-0.146 -0.146  0.832]]
Divided Cable Displacements per Notch:  [0.035 0.    0.   ]
[ 0.029 -0.005 -0.005]
[0.029 0.    0.   ]
Current EE Orientation: 
 [[ 1.000e+00 -8.629e-05 -9.963e-04]
 [ 2.034e-15 -9.963e-01  8.629e-02]
 [-1.000e-03 -8.629e-02 -9.963e-01]]
------------------------------------------- IK -------------------------------------------
Total Wrist Cable Deltas: 
 [gamma,beta,alpha]
 [0.104 0.    0.   ]
[[1.299 0.277 0.277]
 [0.277 1.299 0.277]
 [0.277 0.277 1.299]]
[[ 0.832 -0.146 -0.146]
 [-0.146  0.832 -0.146]
 [-0.146 -0.146  0.832]]
Divided Cable Displacements per Notch:  [0.035 0.    0.   ]
[ 0.029 -0.005 -0.005]
[0.029 0.    0.   ]

--- 0.004013538360595703 seconds ---
i:  2
orientation error:  0.0
R_current: 
 [[ 1.000e+00  1.978e-15 -2.042e-16]
 [ 2.034e-15 -9.948e-01  1.018e-01]
 [-2.354e-18 -1.018e-01 -9.948e-01]]
R_desired: 
 [[ 1.    -0.    -0.001]
 [ 0.    -0.994  0.11 ]
 [-0.001 -0.11  -0.994]]
Cables Delta: 
 [0.127 0.    0.   ]
------------------------------------------- FK -------------------------------------------
Total Wrist Cable Deltas: 
 [gamma,beta,alpha]
 [0.127 0.    0.   ]
[[1.299 0.277 0.277]
 [0.277 1.299 0.277]
 [0.277 0.277 1.299]]
[[ 0.832 -0.146 -0.146]
 [-0.146  0.832 -0.146]
 [-0.146 -0.146  0.832]]
Divided Cable Displacements per Notch:  [0.042 0.    0.   ]
[ 0.035 -0.006 -0.006]
[0.035 0.    0.   ]
Current EE Orientation: 
 [[ 1.000e+00  1.978e-15 -2.072e-16]
 [ 2.200e-15 -9.944e-01  1.056e-01]
 [ 6.427e-18 -1.056e-01 -9.944e-01]]
____________________________________________________________________________________________________________________________
input current output js wrist joint values (roll,gamma,beta,alpha): 
 [-0.0, 0.028800001161095115, 0.0, 0.0]
IK wrist joint values pre-cable allocation (roll,gamma,beta,alpha): 
 [-0.0, 0.03399140599238233, 0.0, 0.0]
IK wrist joint values post-cable allocation (roll,gamma,beta,alpha): 
 [-0.0, 0.035250930855797113, 0.0, 0.0]
cable allocation error(roll,gamma,beta,alpha): 
 [0.0, 0.001259524863414782, 0.0, 0.0]
============================================================================================================================
iteration:  11
------------------------------------------- FK -------------------------------------------
Total Wrist Cable Deltas: 
 [gamma,beta,alpha]
 [0.111 0.    0.   ]
[[1.299 0.277 0.277]
 [0.277 1.299 0.277]
 [0.277 0.277 1.299]]
[[ 0.832 -0.146 -0.146]
 [-0.146  0.832 -0.146]
 [-0.146 -0.146  0.832]]
Divided Cable Displacements per Notch:  [0.037 0.    0.   ]
[ 0.031 -0.005 -0.005]
[0.031 0.    0.   ]
Current EE Orientation: 
 [[ 1.000e+00 -9.246e-05 -9.957e-04]
 [ 2.034e-15 -9.957e-01  9.246e-02]
 [-1.000e-03 -9.246e-02 -9.957e-01]]
------------------------------------------- IK -------------------------------------------
Total Wrist Cable Deltas: 
 [gamma,beta,alpha]
 [0.111 0.    0.   ]
[[1.299 0.277 0.277]
 [0.277 1.299 0.277]
 [0.277 0.277 1.299]]
[[ 0.832 -0.146 -0.146]
 [-0.146  0.832 -0.146]
 [-0.146 -0.146  0.832]]
Divided Cable Displacements per Notch:  [0.037 0.    0.   ]
[ 0.031 -0.005 -0.005]
[0.031 0.    0.   ]

--- 0.003980398178100586 seconds ---
i:  2
orientation error:  0.0
R_current: 
 [[ 1.000e+00  1.977e-15 -2.101e-16]
 [ 2.034e-15 -9.940e-01  1.092e-01]
 [ 1.376e-17 -1.092e-01 -9.940e-01]]
R_desired: 
 [[ 1.    -0.    -0.001]
 [ 0.    -0.993  0.119]
 [-0.001 -0.119 -0.993]]
Cables Delta: 
 [0.136 0.    0.   ]
------------------------------------------- FK -------------------------------------------
Total Wrist Cable Deltas: 
 [gamma,beta,alpha]
 [0.136 0.    0.   ]
[[1.299 0.277 0.277]
 [0.277 1.299 0.277]
 [0.277 0.277 1.299]]
[[ 0.832 -0.146 -0.146]
 [-0.146  0.832 -0.146]
 [-0.146 -0.146  0.832]]
Divided Cable Displacements per Notch:  [0.045 0.    0.   ]
[ 0.038 -0.007 -0.007]
[0.038 0.    0.   ]
Current EE Orientation: 
 [[ 1.000e+00  1.977e-15 -2.133e-16]
 [ 2.366e-15 -9.936e-01  1.132e-01]
 [ 2.948e-17 -1.132e-01 -9.936e-01]]
____________________________________________________________________________________________________________________________
input current output js wrist joint values (roll,gamma,beta,alpha): 
 [-0.0, 0.030863577868134245, 0.0, 0.0]
IK wrist joint values pre-cable allocation (roll,gamma,beta,alpha): 
 [-0.0, 0.03646409220775355, 0.0, 0.0]
IK wrist joint values post-cable allocation (roll,gamma,beta,alpha): 
 [-0.0, 0.03781703005079876, 0.0, 0.0]
cable allocation error(roll,gamma,beta,alpha): 
 [0.0, 0.0013529378430452155, 0.0, 0.0]
============================================================================================================================
iteration:  12
------------------------------------------- FK -------------------------------------------
Total Wrist Cable Deltas: 
 [gamma,beta,alpha]
 [0.122 0.    0.   ]
[[1.299 0.277 0.277]
 [0.277 1.299 0.277]
 [0.277 0.277 1.299]]
[[ 0.832 -0.146 -0.146]
 [-0.146  0.832 -0.146]
 [-0.146 -0.146  0.832]]
Divided Cable Displacements per Notch:  [0.041 0.    0.   ]
[ 0.034 -0.006 -0.006]
[0.034 0.    0.   ]
Current EE Orientation: 
 [[ 1.000e+00 -1.017e-04 -9.948e-04]
 [ 2.200e-15 -9.948e-01  1.017e-01]
 [-1.000e-03 -1.017e-01 -9.948e-01]]
------------------------------------------- IK -------------------------------------------
Total Wrist Cable Deltas: 
 [gamma,beta,alpha]
 [0.122 0.    0.   ]
[[1.299 0.277 0.277]
 [0.277 1.299 0.277]
 [0.277 0.277 1.299]]
[[ 0.832 -0.146 -0.146]
 [-0.146  0.832 -0.146]
 [-0.146 -0.146  0.832]]
Divided Cable Displacements per Notch:  [0.041 0.    0.   ]
[ 0.034 -0.006 -0.006]
[0.034 0.    0.   ]

--- 0.002994060516357422 seconds ---
i:  2
orientation error:  0.0
R_current: 
 [[ 1.000e+00  1.977e-15 -2.083e-16]
 [ 2.034e-15 -9.943e-01  1.069e-01]
 [ 6.784e-18 -1.069e-01 -9.943e-01]]
R_desired: 
 [[ 1.    -0.    -0.001]
 [ 0.    -0.992  0.129]
 [-0.001 -0.129 -0.992]]
Cables Delta: 
 [0.133 0.    0.   ]
------------------------------------------- FK -------------------------------------------
Total Wrist Cable Deltas: 
 [gamma,beta,alpha]
 [0.133 0.    0.   ]
[[1.299 0.277 0.277]
 [0.277 1.299 0.277]
 [0.277 0.277 1.299]]
[[ 0.832 -0.146 -0.146]
 [-0.146  0.832 -0.146]
 [-0.146 -0.146  0.832]]
Divided Cable Displacements per Notch:  [0.044 0.    0.   ]
[ 0.037 -0.007 -0.007]
[0.037 0.    0.   ]
Current EE Orientation: 
 [[ 1.000e+00  1.977e-15 -2.114e-16]
 [ 2.033e-15 -9.938e-01  1.108e-01]
 [ 1.504e-17 -1.108e-01 -9.938e-01]]
____________________________________________________________________________________________________________________________
input current output js wrist joint values (roll,gamma,beta,alpha): 
 [-0.0, 0.033958942928692934, 0.0, 0.0]
IK wrist joint values pre-cable allocation (roll,gamma,beta,alpha): 
 [-0.0, 0.03569418186021115, 0.0, 0.0]
IK wrist joint values post-cable allocation (roll,gamma,beta,alpha): 
 [-0.0, 0.03701801008212279, 0.0, 0.0]
cable allocation error(roll,gamma,beta,alpha): 
 [0.0, 0.001323828221911641, 0.0, 0.0]
============================================================================================================================
iteration:  13
------------------------------------------- FK -------------------------------------------
Total Wrist Cable Deltas: 
 [gamma,beta,alpha]
 [0.135 0.    0.   ]
[[1.299 0.277 0.277]
 [0.277 1.299 0.277]
 [0.277 0.277 1.299]]
[[ 0.832 -0.146 -0.146]
 [-0.146  0.832 -0.146]
 [-0.146 -0.146  0.832]]
Divided Cable Displacements per Notch:  [0.045 0.    0.   ]
[ 0.037 -0.007 -0.007]
[0.037 0.    0.   ]
Current EE Orientation: 
 [[ 1.000e+00 -1.123e-04 -9.937e-04]
 [ 2.200e-15 -9.937e-01  1.123e-01]
 [-1.000e-03 -1.123e-01 -9.937e-01]]
------------------------------------------- IK -------------------------------------------
Total Wrist Cable Deltas: 
 [gamma,beta,alpha]
 [0.135 0.    0.   ]
[[1.299 0.277 0.277]
 [0.277 1.299 0.277]
 [0.277 0.277 1.299]]
[[ 0.832 -0.146 -0.146]
 [-0.146  0.832 -0.146]
 [-0.146 -0.146  0.832]]
Divided Cable Displacements per Notch:  [0.045 0.    0.   ]
[ 0.037 -0.007 -0.007]
[0.037 0.    0.   ]

--- 0.0059871673583984375 seconds ---
i:  3
orientation error:  0.02406507666543248
R_current: 
 [[ 1.000e+00  1.973e-15 -2.341e-16]
 [ 2.199e-15 -9.903e-01  1.392e-01]
 [ 5.521e-17 -1.392e-01 -9.903e-01]]
R_desired: 
 [[ 1.    -0.    -0.001]
 [ 0.    -0.99   0.139]
 [-0.001 -0.139 -0.99 ]]
Cables Delta: 
 [0.174 0.    0.   ]
------------------------------------------- FK -------------------------------------------
Total Wrist Cable Deltas: 
 [gamma,beta,alpha]
 [0.174 0.    0.   ]
[[1.299 0.277 0.277]
 [0.277 1.299 0.277]
 [0.277 0.277 1.299]]
[[ 0.832 -0.146 -0.146]
 [-0.146  0.832 -0.146]
 [-0.146 -0.146  0.832]]
Divided Cable Displacements per Notch:  [0.058 0.    0.   ]
[ 0.048 -0.008 -0.008]
[0.048 0.    0.   ]
Current EE Orientation: 
 [[ 1.000e+00  1.973e-15 -2.382e-16]
 [ 2.032e-15 -9.895e-01  1.443e-01]
 [ 6.187e-17 -1.443e-01 -9.895e-01]]
____________________________________________________________________________________________________________________________
input current output js wrist joint values (roll,gamma,beta,alpha): 
 [-0.0, 0.03749937985157728, 0.0, 0.0]
IK wrist joint values pre-cable allocation (roll,gamma,beta,alpha): 
 [-0.0, 0.046539740824384224, 0.0, 0.0]
IK wrist joint values post-cable allocation (roll,gamma,beta,alpha): 
 [-0.0, 0.04827557099003047, 0.0, 0.0]
cable allocation error(roll,gamma,beta,alpha): 
 [0.0, 0.0017358301656462474, 0.0, 0.0]
============================================================================================================================
iteration:  14
------------------------------------------- FK -------------------------------------------
Total Wrist Cable Deltas: 
 [gamma,beta,alpha]
 [0.144 0.    0.   ]
[[1.299 0.277 0.277]
 [0.277 1.299 0.277]
 [0.277 0.277 1.299]]
[[ 0.832 -0.146 -0.146]
 [-0.146  0.832 -0.146]
 [-0.146 -0.146  0.832]]
Divided Cable Displacements per Notch:  [0.048 0.    0.   ]
[ 0.04  -0.007 -0.007]
[0.04 0.   0.  ]
Current EE Orientation: 
 [[ 1.000e+00 -1.193e-04 -9.929e-04]
 [ 2.366e-15 -9.929e-01  1.193e-01]
 [-1.000e-03 -1.193e-01 -9.929e-01]]
------------------------------------------- IK -------------------------------------------
Total Wrist Cable Deltas: 
 [gamma,beta,alpha]
 [0.144 0.    0.   ]
[[1.299 0.277 0.277]
 [0.277 1.299 0.277]
 [0.277 0.277 1.299]]
[[ 0.832 -0.146 -0.146]
 [-0.146  0.832 -0.146]
 [-0.146 -0.146  0.832]]
Divided Cable Displacements per Notch:  [0.048 0.    0.   ]
[ 0.04  -0.007 -0.007]
[0.04 0.   0.  ]

--- 0.0039882659912109375 seconds ---
i:  2
orientation error:  0.0
R_current: 
 [[ 1.000e+00  1.974e-15 -2.325e-16]
 [ 2.365e-15 -9.906e-01  1.371e-01]
 [ 6.114e-17 -1.371e-01 -9.906e-01]]
R_desired: 
 [[ 1.    -0.    -0.001]
 [ 0.    -0.989  0.149]
 [-0.001 -0.149 -0.989]]
Cables Delta: 
 [0.171 0.    0.   ]
------------------------------------------- FK -------------------------------------------
Total Wrist Cable Deltas: 
 [gamma,beta,alpha]
 [0.171 0.    0.   ]
[[1.299 0.277 0.277]
 [0.277 1.299 0.277]
 [0.277 0.277 1.299]]
[[ 0.832 -0.146 -0.146]
 [-0.146  0.832 -0.146]
 [-0.146 -0.146  0.832]]
Divided Cable Displacements per Notch:  [0.057 0.    0.   ]
[ 0.048 -0.008 -0.008]
[0.048 0.    0.   ]
Current EE Orientation: 
 [[ 1.000e+00  1.973e-15 -2.366e-16]
 [ 2.199e-15 -9.898e-01  1.422e-01]
 [ 5.775e-17 -1.422e-01 -9.898e-01]]
____________________________________________________________________________________________________________________________
input current output js wrist joint values (roll,gamma,beta,alpha): 
 [-0.0, 0.039868482902267736, 0.0, 0.0]
IK wrist joint values pre-cable allocation (roll,gamma,beta,alpha): 
 [-0.0, 0.04585684779967921, 0.0, 0.0]
IK wrist joint values post-cable allocation (roll,gamma,beta,alpha): 
 [-0.0, 0.04756661571357942, 0.0, 0.0]
cable allocation error(roll,gamma,beta,alpha): 
 [0.0, 0.0017097679139002064, 0.0, 0.0]
============================================================================================================================
iteration:  15
------------------------------------------- FK -------------------------------------------
Total Wrist Cable Deltas: 
 [gamma,beta,alpha]
 [0.152 0.    0.   ]
[[1.299 0.277 0.277]
 [0.277 1.299 0.277]
 [0.277 0.277 1.299]]
[[ 0.832 -0.146 -0.146]
 [-0.146  0.832 -0.146]
 [-0.146 -0.146  0.832]]
Divided Cable Displacements per Notch:  [0.051 0.    0.   ]
[ 0.042 -0.007 -0.007]
[0.042 0.    0.   ]
Current EE Orientation: 
 [[ 1.000e+00 -1.264e-04 -9.920e-04]
 [ 2.033e-15 -9.920e-01  1.264e-01]
 [-1.000e-03 -1.264e-01 -9.920e-01]]
------------------------------------------- IK -------------------------------------------
Total Wrist Cable Deltas: 
 [gamma,beta,alpha]
 [0.152 0.    0.   ]
[[1.299 0.277 0.277]
 [0.277 1.299 0.277]
 [0.277 0.277 1.299]]
[[ 0.832 -0.146 -0.146]
 [-0.146  0.832 -0.146]
 [-0.146 -0.146  0.832]]
Divided Cable Displacements per Notch:  [0.051 0.    0.   ]
[ 0.042 -0.007 -0.007]
[0.042 0.    0.   ]

--- 0.00598597526550293 seconds ---
i:  3
orientation error:  0.023602434069587876
R_current: 
 [[ 1.000e+00  1.971e-15 -2.479e-16]
 [ 2.031e-15 -9.877e-01  1.564e-01]
 [ 7.131e-17 -1.564e-01 -9.877e-01]]
R_desired: 
 [[ 1.    -0.    -0.001]
 [ 0.    -0.987  0.159]
 [-0.001 -0.159 -0.987]]
Cables Delta: 
 [0.196 0.    0.   ]
------------------------------------------- FK -------------------------------------------
Total Wrist Cable Deltas: 
 [gamma,beta,alpha]
 [0.196 0.    0.   ]
[[1.299 0.277 0.277]
 [0.277 1.299 0.277]
 [0.277 0.277 1.299]]
[[ 0.832 -0.146 -0.146]
 [-0.146  0.832 -0.146]
 [-0.146 -0.146  0.832]]
Divided Cable Displacements per Notch:  [0.065 0.    0.   ]
[ 0.054 -0.01  -0.01 ]
[0.054 0.    0.   ]
Current EE Orientation: 
 [[ 1.000e+00  1.970e-15 -2.526e-16]
 [ 2.197e-15 -9.868e-01  1.622e-01]
 [ 8.487e-17 -1.622e-01 -9.868e-01]]
____________________________________________________________________________________________________________________________
input current output js wrist joint values (roll,gamma,beta,alpha): 
 [-0.0, 0.042237585952958207, 0.0, 0.0]
IK wrist joint values pre-cable allocation (roll,gamma,beta,alpha): 
 [-0.0, 0.05236030347031198, 0.0, 0.0]
IK wrist joint values post-cable allocation (roll,gamma,beta,alpha): 
 [-0.0, 0.054318902098251416, 0.0, 0.0]
cable allocation error(roll,gamma,beta,alpha): 
 [0.0, 0.0019585986279394355, 0.0, 0.0]
============================================================================================================================
iteration:  16
------------------------------------------- FK -------------------------------------------
Total Wrist Cable Deltas: 
 [gamma,beta,alpha]
 [0.166 0.    0.   ]
[[1.299 0.277 0.277]
 [0.277 1.299 0.277]
 [0.277 0.277 1.299]]
[[ 0.832 -0.146 -0.146]
 [-0.146  0.832 -0.146]
 [-0.146 -0.146  0.832]]
Divided Cable Displacements per Notch:  [0.055 0.    0.   ]
[ 0.046 -0.008 -0.008]
[0.046 0.    0.   ]
Current EE Orientation: 
 [[ 1.000e+00 -1.375e-04 -9.905e-04]
 [ 2.033e-15 -9.905e-01  1.375e-01]
 [-1.000e-03 -1.375e-01 -9.905e-01]]
------------------------------------------- IK -------------------------------------------
Total Wrist Cable Deltas: 
