============================================================================================================================
iteration:  0
------------------------------------------- FK -------------------------------------------
Current EE Orientation: 
 [[ 1.000e+00  1.987e-15 -1.000e-03]
 [ 2.032e-15 -1.000e+00 -1.225e-16]
 [-1.000e-03  1.205e-16 -1.000e+00]]
------------------------------------------- IK -------------------------------------------
R_error: 
 [[ 1.000e+00 -1.987e-15 -1.000e-02]
 [ 2.030e-15  1.000e+00  1.000e-03]
 [ 1.000e-02 -1.000e-03  1.000e+00]]
traceR:  2.999999999999999
orientation error:  2.9802322387695312e-08
R_error: 
 [[ 1.000e+00  7.451e-09 -1.000e-02]
 [-7.451e-09  1.000e+00  1.000e-03]
 [ 1.000e-02 -1.000e-03  1.000e+00]]
traceR:  2.999999999999999
orientation error:  2.9802322387695312e-08
R_error: 
 [[ 1.000e+00 -7.451e-09 -1.000e-02]
 [ 7.451e-09  1.000e+00  1.000e-03]
 [ 1.000e-02 -1.000e-03  1.000e+00]]
traceR:  2.999999999999999
orientation error:  2.9802322387695312e-08
R_error: 
 [[ 1.000e+00 -1.987e-15 -1.000e-02]
 [-2.235e-11  1.000e+00  1.000e-03]
 [ 1.000e-02 -1.000e-03  1.000e+00]]
traceR:  3.0000000004470335
orientation error:  0.0
R_error: 
 [[ 1.000e+00 -1.987e-15 -1.000e-02]
 [ 2.235e-11  1.000e+00  1.000e-03]
 [ 1.000e-02 -1.000e-03  1.000e+00]]
traceR:  2.999999999552964
orientation error:  2.1143230260849004e-05
R_error: 
 [[ 1.000e+00  1.936e-10 -1.000e-02]
 [ 1.118e-11  1.000e+00  1.000e-03]
 [ 1.000e-02 -1.000e-03  1.000e+00]]
traceR:  2.999999999737767
orientation error:  1.6193606826934915e-05
R_error: 
 [[ 1.000e+00 -1.936e-10 -1.000e-02]
 [-1.117e-11  1.000e+00  1.000e-03]
 [ 1.000e-02 -1.000e-03  1.000e+00]]
traceR:  3.0000000002622302
orientation error:  0.0
R_error: 
 [[ 1.000e+00 -1.936e-10 -1.000e-02]
 [ 1.118e-11  1.000e+00  1.000e-03]
 [ 1.000e-02 -1.000e-03  1.000e+00]]
traceR:  2.999999999815196
orientation error:  1.3594269821077953e-05
R_error: 
 [[ 1.000e+00  1.936e-10 -1.000e-02]
 [-1.117e-11  1.000e+00  1.000e-03]
 [ 1.000e-02 -1.000e-03  1.000e+00]]
traceR:  3.0000000001848015
orientation error:  0.0

--- 0.00610804557800293 seconds ---
i:  1
orientation error:  2.9802322387695312e-08
R_current: 
 [[ 1.000e+00  1.987e-15 -1.225e-16]
 [ 2.032e-15 -1.000e+00  2.235e-08]
 [-1.225e-16 -2.235e-08 -1.000e+00]]
R_desired: 
 [[ 1.    -0.    -0.001]
 [ 0.    -1.     0.01 ]
 [-0.001 -0.01  -1.   ]]
------------------------------------------- FK -------------------------------------------
Current EE Orientation: 
 [[ 1.000e+00  1.987e-15 -1.225e-16]
 [ 2.032e-15 -1.000e+00 -1.225e-16]
 [-1.225e-16  1.225e-16 -1.000e+00]]
____________________________________________________________________________________________________________________________
input current output js wrist joint values (roll,gamma,beta,alpha): 
 [-0.0, 0.0, 0.0, 0.0]
IK wrist joint values pre-cable allocation (roll,gamma,beta,alpha): 
 [-0.0, 7.450580596923828e-09, 0.0, 0.0]
IK wrist joint values post-cable allocation (roll,gamma,beta,alpha): 
 [-0.0, 0.0, 0.0, 0.0]
cable allocation error(roll,gamma,beta,alpha): 
 [0.0, -7.450580596923828e-09, 0.0, 0.0]
============================================================================================================================
iteration:  1
------------------------------------------- FK -------------------------------------------
Current EE Orientation: 
 [[ 1.000e+00 -7.718e-06 -1.000e-03]
 [ 2.199e-15 -1.000e+00  7.718e-03]
 [-1.000e-03 -7.718e-03 -1.000e+00]]
------------------------------------------- IK -------------------------------------------
R_error: 
 [[ 1.000e+00 -1.987e-15 -1.228e-02]
 [-7.718e-06  1.000e+00  1.000e-03]
 [ 1.228e-02 -1.000e-03  1.000e+00]]
traceR:  3.000249144082501
orientation error:  0.0
R_error: 
 [[ 1.000e+00 -1.987e-15 -1.228e-02]
 [-7.718e-06  1.000e+00  1.000e-03]
 [ 1.228e-02 -1.000e-03  1.000e+00]]
traceR:  3.000249144082501
orientation error:  0.0
R_error: 
 [[ 1.000e+00 -1.987e-15 -1.228e-02]
 [-7.718e-06  1.000e+00  1.000e-03]
 [ 1.228e-02 -1.000e-03  1.000e+00]]
traceR:  3.000249144082501
orientation error:  0.0
R_error: 
 [[ 1.000e+00 -1.987e-15 -1.228e-02]
 [-7.718e-06  1.000e+00  1.000e-03]
 [ 1.228e-02 -1.000e-03  1.000e+00]]
traceR:  3.000249144082501
orientation error:  0.0
R_error: 
 [[ 1.000e+00 -1.987e-15 -1.228e-02]
 [-7.718e-06  1.000e+00  1.000e-03]
 [ 1.228e-02 -1.000e-03  1.000e+00]]
traceR:  3.000249144082501
orientation error:  0.0
R_error: 
 [[ 1.000e+00 -1.987e-15 -1.228e-02]
 [-7.718e-06  1.000e+00  1.000e-03]
 [ 1.228e-02 -1.000e-03  1.000e+00]]
traceR:  3.000249144082501
orientation error:  0.0
R_error: 
 [[ 1.000e+00 -1.987e-15 -1.228e-02]
 [-7.718e-06  1.000e+00  1.000e-03]
 [ 1.228e-02 -1.000e-03  1.000e+00]]
traceR:  3.000249144082501
orientation error:  0.0
R_error: 
 [[ 1.000e+00 -1.987e-15 -1.228e-02]
 [-7.718e-06  1.000e+00  1.000e-03]
 [ 1.228e-02 -1.000e-03  1.000e+00]]
traceR:  3.000249144082501
orientation error:  0.0
R_error: 
 [[ 1.000e+00 -1.987e-15 -1.228e-02]
 [-7.718e-06  1.000e+00  1.000e-03]
 [ 1.228e-02 -1.000e-03  1.000e+00]]
traceR:  3.000249144082501
orientation error:  0.0

--- 0.00498199462890625 seconds ---
i:  1
orientation error:  0.0
R_current: 
 [[ 1.000e+00  1.987e-15 -1.287e-16]
 [ 2.199e-15 -1.000e+00  7.718e-03]
 [-1.122e-16 -7.718e-03 -1.000e+00]]
R_desired: 
 [[ 1.    -0.    -0.001]
 [ 0.    -1.     0.02 ]
 [-0.001 -0.02  -1.   ]]
Disk2 lower limit
------------------------------------------- FK -------------------------------------------
Current EE Orientation: 
 [[ 1.000e+00  1.987e-15 -1.287e-16]
 [ 2.032e-15 -1.000e+00  7.718e-03]
 [-1.120e-16 -7.718e-03 -1.000e+00]]
____________________________________________________________________________________________________________________________
input current output js wrist joint values (roll,gamma,beta,alpha): 
 [-0.0, 0.0025725903431251212, 0.0, 0.0]
IK wrist joint values pre-cable allocation (roll,gamma,beta,alpha): 
 [-0.0, 0.0025725903431251212, 0.0, 0.0]
IK wrist joint values post-cable allocation (roll,gamma,beta,alpha): 
 [-0.0, 0.0025727358210651833, 0.0, 0.0]
cable allocation error(roll,gamma,beta,alpha): 
 [0.0, 1.454779400620991e-07, 0.0, 0.0]
============================================================================================================================
iteration:  2
------------------------------------------- FK -------------------------------------------
Current EE Orientation: 
 [[ 1.000e+00 -1.559e-05 -9.999e-04]
 [ 2.032e-15 -9.999e-01  1.559e-02]
 [-1.000e-03 -1.559e-02 -9.999e-01]]
------------------------------------------- IK -------------------------------------------
R_error: 
 [[ 1.000e+00 -1.988e-15 -1.441e-02]
 [-1.559e-05  1.000e+00  9.999e-04]
 [ 1.441e-02 -1.000e-03  1.000e+00]]
traceR:  3.000692255909253
orientation error:  0.0
R_error: 
 [[ 1.000e+00 -1.988e-15 -1.441e-02]
 [-1.559e-05  1.000e+00  9.999e-04]
 [ 1.441e-02 -1.000e-03  1.000e+00]]
traceR:  3.000692255909253
orientation error:  0.0
R_error: 
 [[ 1.000e+00 -1.988e-15 -1.441e-02]
 [-1.559e-05  1.000e+00  9.999e-04]
 [ 1.441e-02 -1.000e-03  1.000e+00]]
traceR:  3.000692255909253
orientation error:  0.0
R_error: 
 [[ 1.000e+00 -1.988e-15 -1.441e-02]
 [-1.559e-05  1.000e+00  9.999e-04]
 [ 1.441e-02 -1.000e-03  1.000e+00]]
traceR:  3.000692255909253
orientation error:  0.0
R_error: 
 [[ 1.000e+00 -1.988e-15 -1.441e-02]
 [-1.559e-05  1.000e+00  9.999e-04]
 [ 1.441e-02 -1.000e-03  1.000e+00]]
traceR:  3.000692255909253
orientation error:  0.0
R_error: 
 [[ 1.000e+00 -1.988e-15 -1.441e-02]
 [-1.559e-05  1.000e+00  9.999e-04]
 [ 1.441e-02 -1.000e-03  1.000e+00]]
traceR:  3.000692255909253
orientation error:  0.0
R_error: 
 [[ 1.000e+00 -1.988e-15 -1.441e-02]
 [-1.559e-05  1.000e+00  9.999e-04]
 [ 1.441e-02 -1.000e-03  1.000e+00]]
traceR:  3.000692255909253
orientation error:  0.0
R_error: 
 [[ 1.000e+00 -1.988e-15 -1.441e-02]
 [-1.559e-05  1.000e+00  9.999e-04]
 [ 1.441e-02 -1.000e-03  1.000e+00]]
traceR:  3.000692255909253
orientation error:  0.0
R_error: 
 [[ 1.000e+00 -1.988e-15 -1.441e-02]
 [-1.559e-05  1.000e+00  9.999e-04]
 [ 1.441e-02 -1.000e-03  1.000e+00]]
traceR:  3.000692255909253
orientation error:  0.0

--- 0.00514984130859375 seconds ---
i:  1
orientation error:  0.0
R_current: 
 [[ 1.000e+00  1.986e-15 -1.350e-16]
 [ 2.032e-15 -9.999e-01  1.559e-02]
 [-1.027e-16 -1.559e-02 -9.999e-01]]
R_desired: 
 [[ 1.    -0.    -0.001]
 [ 0.    -1.     0.03 ]
 [-0.001 -0.03  -1.   ]]
------------------------------------------- FK -------------------------------------------
Current EE Orientation: 
 [[ 1.000e+00  1.986e-15 -1.350e-16]
 [ 2.199e-15 -9.999e-01  1.559e-02]
 [-1.018e-16 -1.559e-02 -9.999e-01]]
____________________________________________________________________________________________________________________________
input current output js wrist joint values (roll,gamma,beta,alpha): 
 [-0.0, 0.005195937646713331, 0.0, 0.0]
IK wrist joint values pre-cable allocation (roll,gamma,beta,alpha): 
 [-0.0, 0.005195937646713331, 0.0, 0.0]
IK wrist joint values post-cable allocation (roll,gamma,beta,alpha): 
 [-0.0, 0.005196528137671341, 0.0, 0.0]
cable allocation error(roll,gamma,beta,alpha): 
 [0.0, 5.904909580103229e-07, 0.0, 0.0]
============================================================================================================================
iteration:  3
------------------------------------------- FK -------------------------------------------
Current EE Orientation: 
 [[ 1.000e+00 -2.428e-05 -9.997e-04]
 [ 2.033e-15 -9.997e-01  2.428e-02]
 [-1.000e-03 -2.428e-02 -9.997e-01]]
------------------------------------------- IK -------------------------------------------
R_error: 
 [[ 9.997e-01 -1.987e-15 -1.573e-02]
 [-2.428e-05  1.000e+00  9.997e-04]
 [ 1.573e-02 -1.000e-03  9.997e-01]]
traceR:  2.999353442745295
orientation error:  0.025428175201253296
R_error: 
 [[ 9.997e-01  6.355e-03 -1.573e-02]
 [-6.381e-03  1.000e+00  9.997e-04]
 [ 1.574e-02 -9.000e-04  9.997e-01]]
traceR:  2.9993128830478666
orientation error:  0.026213666280787765
R_error: 
 [[ 9.997e-01 -6.355e-03 -1.573e-02]
 [ 6.333e-03  1.000e+00  9.997e-04]
 [ 1.572e-02 -1.100e-03  9.997e-01]]
traceR:  2.9993131917674463
orientation error:  0.02620777642131257
R_error: 
 [[ 9.998e-01 -1.988e-15  3.336e-03]
 [-4.334e-05  1.000e+00  9.991e-04]
 [-3.336e-03 -1.000e-03  9.998e-01]]
traceR:  2.9995898287754352
orientation error:  0.02025303052305238
R_error: 
 [[ 9.992e-01 -1.985e-15 -3.479e-02]
 [-5.213e-06  1.000e+00  1.000e-03]
 [ 3.479e-02 -1.000e-03  9.992e-01]]
traceR:  2.998389897807274
orientation error:  0.040128771160760864
R_error: 
 [[ 9.995e-01  6.057e-04 -2.526e-02]
 [-2.034e-04  9.998e-01  1.751e-02]
 [ 2.526e-02 -1.750e-02  9.993e-01]]
traceR:  2.9986568345881164
orientation error:  0.03665127255531703
R_error: 
 [[ 9.998e-01 -4.483e-04 -6.193e-03]
 [ 3.123e-04  9.999e-01 -1.551e-02]
 [ 6.199e-03  1.551e-02  9.997e-01]]
traceR:  2.9993228535549643
orientation error:  0.026022771933346383
R_error: 
 [[ 9.995e-01 -6.057e-04 -2.526e-02]
 [ 1.739e-04  9.999e-01 -1.551e-02]
 [ 2.526e-02  1.550e-02  9.994e-01]]
traceR:  2.9987228930244
orientation error:  0.035738535442865677
R_error: 
 [[ 9.998e-01  4.483e-04 -6.193e-03]
 [-3.799e-04  9.998e-01  1.751e-02]
 [ 6.200e-03 -1.751e-02  9.996e-01]]
traceR:  2.999256805033149
orientation error:  0.027262446692154156
R_error: 
 [[ 9.998e-01 -1.988e-15  3.336e-03]
 [-4.334e-05  1.000e+00  9.991e-04]
 [-3.336e-03 -1.000e-03  9.998e-01]]
traceR:  2.9995898287754352
orientation error:  0.02025303052305238
R_error: 
 [[ 9.998e-01  5.062e-03  3.336e-03]
 [-5.107e-03  1.000e+00  9.991e-04]
 [-3.331e-03 -1.017e-03  9.998e-01]]
traceR:  2.999563975431478
orientation error:  0.020881580700747072
R_error: 
 [[ 9.998e-01 -5.062e-03  3.336e-03]
 [ 5.020e-03  1.000e+00  9.991e-04]
 [-3.341e-03 -9.831e-04  9.998e-01]]
traceR:  2.999564414330943
orientation error:  0.02087106804203264
R_error: 
 [[ 9.996e-01 -1.989e-15  1.852e-02]
 [-5.851e-05  1.000e+00  9.983e-04]
 [-1.852e-02 -1.000e-03  9.996e-01]]
traceR:  2.9992578078397134
orientation error:  0.0272440464859754
R_error: 
 [[ 9.997e-01 -1.987e-15 -1.185e-02]
 [-2.816e-05  1.000e+00  9.996e-04]
 [ 1.185e-02 -1.000e-03  9.997e-01]]
traceR:  2.9994604948193704
orientation error:  0.02322777298539885
R_error: 
 [[ 9.998e-01  3.861e-04 -4.254e-03]
 [-3.660e-04  9.999e-01  1.415e-02]
 [ 4.259e-03 -1.415e-02  9.997e-01]]
traceR:  2.9993835231572152
orientation error:  0.024829589519288545
R_error: 
 [[ 9.997e-01 -2.863e-04  1.093e-02]
 [ 3.791e-04  9.999e-01 -1.215e-02]
 [-1.093e-02  1.215e-02  9.997e-01]]
traceR:  2.9993347791640437
orientation error:  0.025792590327279385
R_error: 
 [[ 9.998e-01 -3.861e-04 -4.254e-03]
 [ 2.945e-04  9.999e-01 -1.215e-02]
 [ 4.259e-03  1.215e-02  9.997e-01]]
traceR:  2.9994361282664537
orientation error:  0.023746541463608446
R_error: 
 [[ 9.997e-01  2.863e-04  1.093e-02]
 [-4.810e-04  9.999e-01  1.414e-02]
 [-1.093e-02 -1.415e-02  9.996e-01]]
traceR:  2.999282185282301
orientation error:  0.026792865840985447
R_error: 
 [[ 9.998e-01 -1.988e-15  3.336e-03]
 [-4.334e-05  1.000e+00  9.991e-04]
 [-3.336e-03 -1.000e-03  9.998e-01]]
traceR:  2.9995898287754352
orientation error:  0.02025303052305238
R_error: 
 [[ 9.998e-01  5.062e-03  3.336e-03]
 [-5.107e-03  1.000e+00  9.991e-04]
 [-3.331e-03 -1.017e-03  9.998e-01]]
traceR:  2.999563975431478
orientation error:  0.020881580700747072
R_error: 
 [[ 9.998e-01 -5.062e-03  3.336e-03]
 [ 5.020e-03  1.000e+00  9.991e-04]
 [-3.341e-03 -9.831e-04  9.998e-01]]
traceR:  2.999564414330943
orientation error:  0.02087106804203264
R_error: 
 [[ 9.996e-01 -1.989e-15  1.852e-02]
 [-5.851e-05  1.000e+00  9.983e-04]
 [-1.852e-02 -1.000e-03  9.996e-01]]
traceR:  2.9992578078397134
orientation error:  0.0272440464859754
R_error: 
 [[ 9.997e-01 -1.987e-15 -1.185e-02]
 [-2.816e-05  1.000e+00  9.996e-04]
 [ 1.185e-02 -1.000e-03  9.997e-01]]
traceR:  2.9994604948193704
orientation error:  0.02322777298539885
R_error: 
 [[ 9.998e-01  3.861e-04 -4.254e-03]
 [-3.660e-04  9.999e-01  1.415e-02]
 [ 4.259e-03 -1.415e-02  9.997e-01]]
traceR:  2.9993835231572152
orientation error:  0.024829589519288545
R_error: 
 [[ 9.997e-01 -2.863e-04  1.093e-02]
 [ 3.791e-04  9.999e-01 -1.215e-02]
 [-1.093e-02  1.215e-02  9.997e-01]]
traceR:  2.9993347791640437
orientation error:  0.025792590327279385
R_error: 
 [[ 9.998e-01 -3.861e-04 -4.254e-03]
 [ 2.945e-04  9.999e-01 -1.215e-02]
 [ 4.259e-03  1.215e-02  9.997e-01]]
traceR:  2.9994361282664537
orientation error:  0.023746541463608446
R_error: 
 [[ 9.997e-01  2.863e-04  1.093e-02]
 [-4.810e-04  9.999e-01  1.414e-02]
 [-1.093e-02 -1.415e-02  9.996e-01]]
traceR:  2.999282185282301
orientation error:  0.026792865840985447

--- 0.013966560363769531 seconds ---
i:  3
orientation error:  0.02025303052305238
R_current: 
 [[ 1.000e+00  1.984e-15 -1.573e-16]
 [ 2.033e-15 -9.991e-01  4.334e-02]
 [-6.312e-17 -4.334e-02 -9.991e-01]]
R_desired: 
 [[ 1.    -0.    -0.001]
 [ 0.    -0.999  0.04 ]
 [-0.001 -0.04  -0.999]]
------------------------------------------- FK -------------------------------------------
Current EE Orientation: 
 [[ 1.000e+00  1.984e-15 -1.573e-16]
 [ 2.034e-15 -9.991e-01  4.336e-02]
 [-6.832e-17 -4.336e-02 -9.991e-01]]
____________________________________________________________________________________________________________________________
input current output js wrist joint values (roll,gamma,beta,alpha): 
 [-0.0, 0.00809474796781486, 0.0, 0.0]
IK wrist joint values pre-cable allocation (roll,gamma,beta,alpha): 
 [-0.0, 0.014451791768128185, 0.0, 0.0]
IK wrist joint values post-cable allocation (roll,gamma,beta,alpha): 
 [-0.0, 0.0144562792403935, 0.0, 0.0]
cable allocation error(roll,gamma,beta,alpha): 
 [0.0, 4.487472265314596e-06, 0.0, 0.0]
============================================================================================================================
iteration:  4
------------------------------------------- FK -------------------------------------------
Current EE Orientation: 
 [[ 1.000e+00 -3.241e-05 -9.995e-04]
 [ 2.366e-15 -9.995e-01  3.241e-02]
 [-1.000e-03 -3.241e-02 -9.995e-01]]
------------------------------------------- IK -------------------------------------------
R_error: 
 [[ 1.000e+00 -1.988e-15 -1.760e-02]
 [-3.241e-05  1.000e+00  9.995e-04]
 [ 1.760e-02 -1.000e-03  1.000e+00]]
traceR:  3.000191390955602
orientation error:  0.0
R_error: 
 [[ 1.000e+00 -1.988e-15 -1.760e-02]
 [-3.241e-05  1.000e+00  9.995e-04]
 [ 1.760e-02 -1.000e-03  1.000e+00]]
traceR:  3.000191390955602
orientation error:  0.0
R_error: 
 [[ 1.000e+00 -1.988e-15 -1.760e-02]
 [-3.241e-05  1.000e+00  9.995e-04]
 [ 1.760e-02 -1.000e-03  1.000e+00]]
traceR:  3.000191390955602
orientation error:  0.0
R_error: 
 [[ 1.000e+00 -1.988e-15 -1.760e-02]
 [-3.241e-05  1.000e+00  9.995e-04]
 [ 1.760e-02 -1.000e-03  1.000e+00]]
traceR:  3.000191390955602
orientation error:  0.0
R_error: 
 [[ 1.000e+00 -1.988e-15 -1.760e-02]
 [-3.241e-05  1.000e+00  9.995e-04]
 [ 1.760e-02 -1.000e-03  1.000e+00]]
traceR:  3.000191390955602
orientation error:  0.0
R_error: 
 [[ 1.000e+00 -1.988e-15 -1.760e-02]
 [-3.241e-05  1.000e+00  9.995e-04]
 [ 1.760e-02 -1.000e-03  1.000e+00]]
traceR:  3.000191390955602
orientation error:  0.0
R_error: 
 [[ 1.000e+00 -1.988e-15 -1.760e-02]
 [-3.241e-05  1.000e+00  9.995e-04]
 [ 1.760e-02 -1.000e-03  1.000e+00]]
traceR:  3.000191390955602
orientation error:  0.0
R_error: 
 [[ 1.000e+00 -1.988e-15 -1.760e-02]
 [-3.241e-05  1.000e+00  9.995e-04]
 [ 1.760e-02 -1.000e-03  1.000e+00]]
traceR:  3.000191390955602
orientation error:  0.0
R_error: 
 [[ 1.000e+00 -1.988e-15 -1.760e-02]
 [-3.241e-05  1.000e+00  9.995e-04]
 [ 1.760e-02 -1.000e-03  1.000e+00]]
traceR:  3.000191390955602
orientation error:  0.0

--- 0.005199432373046875 seconds ---
i:  1
orientation error:  0.0
R_current: 
 [[ 1.000e+00  1.985e-15 -1.485e-16]
 [ 2.366e-15 -9.995e-01  3.241e-02]
 [-7.835e-17 -3.241e-02 -9.995e-01]]
R_desired: 
 [[ 1.    -0.    -0.001]
 [ 0.    -0.999  0.05 ]
 [-0.001 -0.05  -0.999]]
------------------------------------------- FK -------------------------------------------
Current EE Orientation: 
 [[ 1.000e+00  1.985e-15 -1.485e-16]
 [ 2.033e-15 -9.995e-01  3.242e-02]
 [-8.194e-17 -3.242e-02 -9.995e-01]]
____________________________________________________________________________________________________________________________
input current output js wrist joint values (roll,gamma,beta,alpha): 
 [-0.0, 0.010805456242974198, 0.0, 0.0]
IK wrist joint values pre-cable allocation (roll,gamma,beta,alpha): 
 [-0.0, 0.010805456242974198, 0.0, 0.0]
IK wrist joint values post-cable allocation (roll,gamma,beta,alpha): 
 [-0.0, 0.01080798266120636, 0.0, 0.0]
cable allocation error(roll,gamma,beta,alpha): 
 [0.0, 2.5264182321616674e-06, 0.0, 0.0]
============================================================================================================================
iteration:  5
------------------------------------------- FK -------------------------------------------
Current EE Orientation: 
 [[ 1.000e+00 -4.072e-05 -9.992e-04]
 [ 2.033e-15 -9.992e-01  4.072e-02]
 [-1.000e-03 -4.072e-02 -9.992e-01]]
------------------------------------------- IK -------------------------------------------
R_error: 
 [[ 9.996e-01 -1.987e-15 -1.931e-02]
 [-4.072e-05  1.000e+00  9.992e-04]
 [ 1.931e-02 -1.000e-03  9.996e-01]]
traceR:  2.9992309788518488
orientation error:  0.027732119212187902
R_error: 
 [[ 9.996e-01  6.930e-03 -1.931e-02]
 [-6.974e-03  1.000e+00  9.992e-04]
 [ 1.932e-02 -8.661e-04  9.996e-01]]
traceR:  2.9991826390603853
orientation error:  0.02859049875264492
R_error: 
 [[ 9.996e-01 -6.930e-03 -1.931e-02]
 [ 6.892e-03  1.000e+00  9.992e-04]
 [ 1.930e-02 -1.134e-03  9.996e-01]]
traceR:  2.9991832037060404
orientation error:  0.0285806209933232
R_error: 
 [[ 9.998e-01 -1.989e-15  1.484e-03]
 [-6.149e-05  1.000e+00  9.981e-04]
 [-1.484e-03 -1.000e-03  9.998e-01]]
traceR:  2.9996017585637347
orientation error:  0.019956318631466186
R_error: 
 [[ 9.990e-01 -1.985e-15 -4.010e-02]
 [-1.993e-05  1.000e+00  9.998e-04]
 [ 4.010e-02 -1.000e-03  9.990e-01]]
traceR:  2.997995358757966
orientation error:  0.04477696074747754
R_error: 
 [[ 9.994e-01  9.300e-04 -2.970e-02]
 [-4.257e-04  9.998e-01  1.901e-02]
 [ 2.971e-02 -1.898e-02  9.992e-01]]
traceR:  2.9983609570813523
orientation error:  0.04048786039534256
R_error: 
 [[ 9.998e-01 -7.429e-04 -8.906e-03]
 [ 5.315e-04  9.999e-01 -1.700e-02]
 [ 8.917e-03  1.699e-02  9.996e-01]]
traceR:  2.999236180931934
orientation error:  0.027638156438433068
R_error: 
 [[ 9.994e-01 -9.300e-04 -2.970e-02]
 [ 3.651e-04  9.999e-01 -1.701e-02]
 [ 2.971e-02  1.698e-02  9.992e-01]]
traceR:  2.998432990907103
orientation error:  0.03958805074917943
R_error: 
 [[ 9.998e-01  7.429e-04 -8.906e-03]
 [-6.337e-04  9.998e-01  1.900e-02]
 [ 8.918e-03 -1.899e-02  9.996e-01]]
traceR:  2.999164166883813
orientation error:  0.02891178549932875
R_error: 
 [[ 9.998e-01 -1.989e-15  1.484e-03]
 [-6.149e-05  1.000e+00  9.981e-04]
 [-1.484e-03 -1.000e-03  9.998e-01]]
traceR:  2.9996017585637347
orientation error:  0.019956318631466186
R_error: 
 [[ 9.998e-01  4.988e-03  1.484e-03]
 [-5.051e-03  1.000e+00  9.981e-04]
 [-1.479e-03 -1.007e-03  9.998e-01]]
traceR:  2.999576563384083
orientation error:  0.020577938631159233
R_error: 
 [[ 9.998e-01 -4.988e-03  1.484e-03]
 [ 4.928e-03  1.000e+00  9.981e-04]
 [-1.489e-03 -9.926e-04  9.998e-01]]
traceR:  2.999577176971267
orientation error:  0.020563023314901726
R_error: 
 [[ 9.997e-01 -1.990e-15  1.645e-02]
 [-7.642e-05  1.000e+00  9.971e-04]
 [-1.645e-02 -1.000e-03  9.997e-01]]
traceR:  2.9993333727305926
orientation error:  0.025819843248149354
R_error: 
 [[ 9.997e-01 -1.987e-15 -1.348e-02]
 [-4.655e-05  1.000e+00  9.989e-04]
 [ 1.348e-02 -1.000e-03  9.997e-01]]
traceR:  2.999422205487539
orientation error:  0.024037935334508424
R_error: 
 [[ 9.998e-01  5.606e-04 -5.994e-03]
 [-5.371e-04  9.999e-01  1.395e-02]
 [ 6.001e-03 -1.395e-02  9.997e-01]]
traceR:  2.9993741157541387
orientation error:  0.025018331136253055
R_error: 
 [[ 9.998e-01 -4.637e-04  8.970e-03]
 [ 5.110e-04  9.999e-01 -1.195e-02]
 [-8.964e-03  1.195e-02  9.997e-01]]
traceR:  2.9993815109508377
orientation error:  0.02487008100475985
R_error: 
 [[ 9.998e-01 -5.606e-04 -5.994e-03]
 [ 4.290e-04  9.999e-01 -1.195e-02]
 [ 6.000e-03  1.195e-02  9.997e-01]]
traceR:  2.9994259350620593
orientation error:  0.02396022542859244
R_error: 
 [[ 9.998e-01  4.637e-04  8.970e-03]
 [-6.489e-04  9.999e-01  1.394e-02]
 [-8.962e-03 -1.395e-02  9.997e-01]]
traceR:  2.9993297071109057
orientation error:  0.025890738372770415
R_error: 
 [[ 9.998e-01 -1.989e-15  1.484e-03]
 [-6.149e-05  1.000e+00  9.981e-04]
 [-1.484e-03 -1.000e-03  9.998e-01]]
traceR:  2.9996017585637347
orientation error:  0.019956318631466186
R_error: 
 [[ 9.998e-01  4.988e-03  1.484e-03]
 [-5.051e-03  1.000e+00  9.981e-04]
 [-1.479e-03 -1.007e-03  9.998e-01]]
traceR:  2.999576563384083
orientation error:  0.020577938631159233
R_error: 
 [[ 9.998e-01 -4.988e-03  1.484e-03]
 [ 4.928e-03  1.000e+00  9.981e-04]
 [-1.489e-03 -9.926e-04  9.998e-01]]
traceR:  2.999577176971267
orientation error:  0.020563023314901726
R_error: 
 [[ 9.997e-01 -1.990e-15  1.645e-02]
 [-7.642e-05  1.000e+00  9.971e-04]
 [-1.645e-02 -1.000e-03  9.997e-01]]
traceR:  2.9993333727305926
orientation error:  0.025819843248149354
R_error: 
 [[ 9.997e-01 -1.987e-15 -1.348e-02]
 [-4.655e-05  1.000e+00  9.989e-04]
 [ 1.348e-02 -1.000e-03  9.997e-01]]
traceR:  2.999422205487539
orientation error:  0.024037935334508424
R_error: 
 [[ 9.998e-01  5.606e-04 -5.994e-03]
 [-5.371e-04  9.999e-01  1.395e-02]
 [ 6.001e-03 -1.395e-02  9.997e-01]]
traceR:  2.9993741157541387
orientation error:  0.025018331136253055
R_error: 
 [[ 9.998e-01 -4.637e-04  8.970e-03]
 [ 5.110e-04  9.999e-01 -1.195e-02]
 [-8.964e-03  1.195e-02  9.997e-01]]
traceR:  2.9993815109508377
orientation error:  0.02487008100475985
R_error: 
 [[ 9.998e-01 -5.606e-04 -5.994e-03]
 [ 4.290e-04  9.999e-01 -1.195e-02]
 [ 6.000e-03  1.195e-02  9.997e-01]]
traceR:  2.9994259350620593
orientation error:  0.02396022542859244
R_error: 
 [[ 9.998e-01  4.637e-04  8.970e-03]
 [-6.489e-04  9.999e-01  1.394e-02]
 [-8.962e-03 -1.395e-02  9.997e-01]]
traceR:  2.9993297071109057
orientation error:  0.025890738372770415

--- 0.014099597930908203 seconds ---
i:  3
orientation error:  0.019956318631466186
R_current: 
 [[ 1.000e+00  1.982e-15 -1.719e-16]
 [ 2.034e-15 -9.981e-01  6.149e-02]
 [-4.393e-17 -6.149e-02 -9.981e-01]]
R_desired: 
 [[ 1.    -0.    -0.001]
 [ 0.    -0.998  0.06 ]
 [-0.001 -0.06  -0.998]]
------------------------------------------- FK -------------------------------------------
Current EE Orientation: 
 [[ 1.000e+00  1.982e-15 -1.719e-16]
 [ 2.034e-15 -9.981e-01  6.152e-02]
 [-4.390e-17 -6.152e-02 -9.981e-01]]
____________________________________________________________________________________________________________________________
input current output js wrist joint values (roll,gamma,beta,alpha): 
 [-0.0, 0.013577670164126891, 0.0, 0.0]
IK wrist joint values pre-cable allocation (roll,gamma,beta,alpha): 
 [-0.0, 0.020510699967173866, 0.0, 0.0]
IK wrist joint values post-cable allocation (roll,gamma,beta,alpha): 
 [-0.0, 0.020519632717434365, 0.0, 0.0]
cable allocation error(roll,gamma,beta,alpha): 
 [0.0, 8.93275026049925e-06, 0.0, 0.0]
============================================================================================================================
iteration:  6
------------------------------------------- FK -------------------------------------------
Current EE Orientation: 
 [[ 1.000e+00 -4.903e-05 -9.988e-04]
 [ 2.367e-15 -9.988e-01  4.903e-02]
 [-1.000e-03 -4.903e-02 -9.988e-01]]
------------------------------------------- IK -------------------------------------------
R_error: 
 [[ 1.000e+00 -1.988e-15 -2.098e-02]
 [-4.903e-05  1.000e+00  9.988e-04]
 [ 2.098e-02 -1.000e-03  1.000e+00]]
traceR:  3.0004636228474526
orientation error:  0.0
R_error: 
 [[ 1.000e+00 -1.988e-15 -2.098e-02]
 [-4.903e-05  1.000e+00  9.988e-04]
 [ 2.098e-02 -1.000e-03  1.000e+00]]
traceR:  3.0004636228474526
orientation error:  0.0
R_error: 
 [[ 1.000e+00 -1.988e-15 -2.098e-02]
 [-4.903e-05  1.000e+00  9.988e-04]
 [ 2.098e-02 -1.000e-03  1.000e+00]]
traceR:  3.0004636228474526
orientation error:  0.0
R_error: 
 [[ 1.000e+00 -1.988e-15 -2.098e-02]
 [-4.903e-05  1.000e+00  9.988e-04]
 [ 2.098e-02 -1.000e-03  1.000e+00]]
traceR:  3.0004636228474526
orientation error:  0.0
R_error: 
 [[ 1.000e+00 -1.988e-15 -2.098e-02]
 [-4.903e-05  1.000e+00  9.988e-04]
 [ 2.098e-02 -1.000e-03  1.000e+00]]
traceR:  3.0004636228474526
orientation error:  0.0
R_error: 
 [[ 1.000e+00 -1.988e-15 -2.098e-02]
 [-4.903e-05  1.000e+00  9.988e-04]
 [ 2.098e-02 -1.000e-03  1.000e+00]]
traceR:  3.0004636228474526
orientation error:  0.0
R_error: 
 [[ 1.000e+00 -1.988e-15 -2.098e-02]
 [-4.903e-05  1.000e+00  9.988e-04]
 [ 2.098e-02 -1.000e-03  1.000e+00]]
traceR:  3.0004636228474526
orientation error:  0.0
R_error: 
 [[ 1.000e+00 -1.988e-15 -2.098e-02]
 [-4.903e-05  1.000e+00  9.988e-04]
 [ 2.098e-02 -1.000e-03  1.000e+00]]
traceR:  3.0004636228474526
orientation error:  0.0
R_error: 
 [[ 1.000e+00 -1.988e-15 -2.098e-02]
 [-4.903e-05  1.000e+00  9.988e-04]
 [ 2.098e-02 -1.000e-03  1.000e+00]]
traceR:  3.0004636228474526
orientation error:  0.0

--- 0.0040018558502197266 seconds ---
i:  1
orientation error:  0.0
R_current: 
 [[ 1.000e+00  1.983e-15 -1.619e-16]
 [ 2.367e-15 -9.988e-01  4.903e-02]
 [-5.590e-17 -4.903e-02 -9.988e-01]]
R_desired: 
 [[ 1.    -0.    -0.001]
 [ 0.    -0.998  0.07 ]
 [-0.001 -0.07  -0.998]]
------------------------------------------- FK -------------------------------------------
Current EE Orientation: 
 [[ 1.000e+00  1.983e-15 -1.619e-16]
 [ 2.200e-15 -9.988e-01  4.905e-02]
 [-6.121e-17 -4.905e-02 -9.988e-01]]
____________________________________________________________________________________________________________________________
input current output js wrist joint values (roll,gamma,beta,alpha): 
 [-0.0, 0.016349884085279584, 0.0, 0.0]
IK wrist joint values pre-cable allocation (roll,gamma,beta,alpha): 
 [-0.0, 0.016349884085279584, 0.0, 0.0]
IK wrist joint values post-cable allocation (roll,gamma,beta,alpha): 
 [-0.0, 0.016355606586666325, 0.0, 0.0]
cable allocation error(roll,gamma,beta,alpha): 
 [0.0, 5.722501386740825e-06, 0.0, 0.0]
============================================================================================================================
iteration:  7
------------------------------------------- FK -------------------------------------------
Current EE Orientation: 
 [[ 1.000e+00 -5.634e-05 -9.984e-04]
 [ 2.034e-15 -9.984e-01  5.634e-02]
 [-1.000e-03 -5.634e-02 -9.984e-01]]
------------------------------------------- IK -------------------------------------------
R_error: 
 [[ 9.999e-01 -1.987e-15 -2.370e-02]
 [-5.634e-05  1.000e+00  9.984e-04]
 [ 2.370e-02 -1.000e-03  9.999e-01]]
traceR:  2.9998471656503085
orientation error:  0.012362697774327394
R_error: 
 [[ 9.999e-01  3.090e-03 -2.370e-02]
 [-3.147e-03  1.000e+00  9.984e-04]
 [ 2.371e-02 -9.267e-04  9.999e-01]]
traceR:  2.9998374396290495
orientation error:  0.012750002868801336
R_error: 
 [[ 9.999e-01 -3.090e-03 -2.370e-02]
 [ 3.034e-03  1.000e+00  9.984e-04]
 [ 2.370e-02 -1.073e-03  9.999e-01]]
traceR:  2.9998377878797
orientation error:  0.012736338291613136
R_error: 
 [[ 1.000e+00 -1.988e-15 -1.443e-02]
 [-6.559e-05  1.000e+00  9.978e-04]
 [ 1.443e-02 -1.000e-03  1.000e+00]]
traceR:  3.0002007442122443
orientation error:  0.0
R_error: 
 [[ 9.997e-01 -1.986e-15 -3.297e-02]
 [-4.708e-05  1.000e+00  9.989e-04]
 [ 3.297e-02 -1.000e-03  9.997e-01]]
traceR:  2.999321660626036
orientation error:  0.02604568530086337
R_error: 
 [[ 9.998e-01  5.104e-04 -2.834e-02]
 [-3.348e-04  1.000e+00  9.023e-03]
 [ 2.834e-02 -9.014e-03  9.998e-01]]
traceR:  2.9995254052237885
orientation error:  0.021785627083380537
R_error: 
 [[ 1.000e+00 -4.732e-04 -1.906e-02]
 [ 2.593e-04  1.000e+00 -7.024e-03]
 [ 1.907e-02  7.016e-03  1.000e+00]]
traceR:  2.9999970478373736
orientation error:  0.0017181860646128043
R_error: 
 [[ 9.998e-01 -5.104e-04 -2.834e-02]
 [ 2.313e-04  1.000e+00 -7.025e-03]
 [ 2.834e-02  7.014e-03  9.998e-01]]
traceR:  2.9995575087626856
orientation error:  0.02103586353869075
R_error: 
 [[ 1.000e+00  4.732e-04 -1.906e-02]
 [-3.812e-04  1.000e+00  9.020e-03]
 [ 1.907e-02 -9.016e-03  1.000e+00]]
traceR:  2.99996494973688
orientation error:  0.005920334914269591
R_error: 
 [[ 1.000e+00 -1.988e-15 -1.443e-02]
 [-6.559e-05  1.000e+00  9.978e-04]
 [ 1.443e-02 -1.000e-03  1.000e+00]]
traceR:  3.0002007442122443
orientation error:  0.0
R_error: 
 [[ 1.000e+00 -1.988e-15 -1.443e-02]
 [-6.559e-05  1.000e+00  9.978e-04]
 [ 1.443e-02 -1.000e-03  1.000e+00]]
traceR:  3.0002007442122443
orientation error:  0.0
R_error: 
 [[ 1.000e+00 -1.988e-15 -1.443e-02]
 [-6.559e-05  1.000e+00  9.978e-04]
 [ 1.443e-02 -1.000e-03  1.000e+00]]
traceR:  3.0002007442122443
orientation error:  0.0
R_error: 
 [[ 1.000e+00 -1.988e-15 -1.443e-02]
 [-6.559e-05  1.000e+00  9.978e-04]
 [ 1.443e-02 -1.000e-03  1.000e+00]]
traceR:  3.0002007442122443
orientation error:  0.0
R_error: 
 [[ 1.000e+00 -1.988e-15 -1.443e-02]
 [-6.559e-05  1.000e+00  9.978e-04]
 [ 1.443e-02 -1.000e-03  1.000e+00]]
traceR:  3.0002007442122443
orientation error:  0.0
R_error: 
 [[ 1.000e+00 -1.988e-15 -1.443e-02]
 [-6.559e-05  1.000e+00  9.978e-04]
 [ 1.443e-02 -1.000e-03  1.000e+00]]
traceR:  3.0002007442122443
orientation error:  0.0
R_error: 
 [[ 1.000e+00 -1.988e-15 -1.443e-02]
 [-6.559e-05  1.000e+00  9.978e-04]
 [ 1.443e-02 -1.000e-03  1.000e+00]]
traceR:  3.0002007442122443
orientation error:  0.0
R_error: 
 [[ 1.000e+00 -1.988e-15 -1.443e-02]
 [-6.559e-05  1.000e+00  9.978e-04]
 [ 1.443e-02 -1.000e-03  1.000e+00]]
traceR:  3.0002007442122443
orientation error:  0.0
R_error: 
 [[ 1.000e+00 -1.988e-15 -1.443e-02]
 [-6.559e-05  1.000e+00  9.978e-04]
 [ 1.443e-02 -1.000e-03  1.000e+00]]
traceR:  3.0002007442122443
orientation error:  0.0

--- 0.014279842376708984 seconds ---
i:  2
orientation error:  0.0
R_current: 
 [[ 1.000e+00  1.982e-15 -1.752e-16]
 [ 2.034e-15 -9.978e-01  6.559e-02]
 [-4.076e-17 -6.559e-02 -9.978e-01]]
R_desired: 
 [[ 1.    -0.    -0.001]
 [ 0.    -0.997  0.08 ]
 [-0.001 -0.08  -0.997]]
------------------------------------------- FK -------------------------------------------
Current EE Orientation: 
 [[ 1.000e+00  1.982e-15 -1.752e-16]
 [ 2.034e-15 -9.978e-01  6.562e-02]
 [-4.594e-17 -6.562e-02 -9.978e-01]]
____________________________________________________________________________________________________________________________
input current output js wrist joint values (roll,gamma,beta,alpha): 
 [-0.0, 0.018789625854607275, 0.0, 0.0]
IK wrist joint values pre-cable allocation (roll,gamma,beta,alpha): 
 [-0.0, 0.021880300298189125, 0.0, 0.0]
IK wrist joint values post-cable allocation (roll,gamma,beta,alpha): 
 [-0.0, 0.02189043851821897, 0.0, 0.0]
cable allocation error(roll,gamma,beta,alpha): 
 [0.0, 1.0138220029844852e-05, 0.0, 0.0]
============================================================================================================================
iteration:  8
------------------------------------------- FK -------------------------------------------
Current EE Orientation: 
 [[ 1.000e+00 -6.646e-05 -9.978e-04]
 [ 2.034e-15 -9.978e-01  6.646e-02]
 [-1.000e-03 -6.646e-02 -9.978e-01]]
------------------------------------------- IK -------------------------------------------
R_error: 
 [[ 9.998e-01 -1.987e-15 -2.360e-02]
 [-6.646e-05  1.000e+00  9.978e-04]
 [ 2.360e-02 -1.000e-03  9.998e-01]]
traceR:  2.999558890280121
orientation error:  0.02100299825377377
R_error: 
 [[ 9.998e-01  5.250e-03 -2.360e-02]
 [-5.317e-03  1.000e+00  9.978e-04]
 [ 2.361e-02 -8.761e-04  9.998e-01]]
traceR:  2.99953097402494
orientation error:  0.02165743078761761
R_error: 
 [[ 9.998e-01 -5.250e-03 -2.360e-02]
 [ 5.184e-03  1.000e+00  9.978e-04]
 [ 2.360e-02 -1.124e-03  9.998e-01]]
traceR:  2.999531672000799
orientation error:  0.021641309524498137
R_error: 
 [[ 1.000e+00 -1.988e-15 -7.851e-03]
 [-8.217e-05  1.000e+00  9.966e-04]
 [ 7.851e-03 -1.000e-03  1.000e+00]]
traceR:  3.000054359647242
orientation error:  0.0
R_error: 
 [[ 9.993e-01 -1.985e-15 -3.935e-02]
 [-5.074e-05  1.000e+00  9.987e-04]
 [ 3.935e-02 -1.000e-03  9.993e-01]]
traceR:  2.998567273948767
orientation error:  0.0378536278654922
R_error: 
 [[ 9.996e-01  9.797e-04 -3.147e-02]
 [-6.096e-04  9.999e-01  1.463e-02]
 [ 3.148e-02 -1.461e-02  9.995e-01]]
traceR:  2.998911863121922
orientation error:  0.03298841558110163
R_error: 
 [[ 9.999e-01 -8.724e-04 -1.572e-02]
 [ 5.839e-04  9.999e-01 -1.263e-02]
 [ 1.573e-02  1.261e-02  9.999e-01]]
traceR:  2.9997099286534903
orientation error:  0.017031686897165717
R_error: 
 [[ 9.996e-01 -9.797e-04 -3.147e-02]
 [ 4.924e-04  9.999e-01 -1.263e-02]
 [ 3.148e-02  1.261e-02  9.995e-01]]
traceR:  2.998966395056647
orientation error:  0.03215111170533758
R_error: 
 [[ 9.999e-01  8.724e-04 -1.572e-02]
 [-7.325e-04  9.999e-01  1.462e-02]
 [ 1.573e-02 -1.461e-02  9.998e-01]]
traceR:  2.999655415237633
orientation error:  0.01856326096648813
R_error: 
 [[ 1.000e+00 -1.988e-15 -7.851e-03]
 [-8.217e-05  1.000e+00  9.966e-04]
 [ 7.851e-03 -1.000e-03  1.000e+00]]
traceR:  3.000054359647242
orientation error:  0.0
R_error: 
 [[ 1.000e+00 -1.988e-15 -7.851e-03]
 [-8.217e-05  1.000e+00  9.966e-04]
 [ 7.851e-03 -1.000e-03  1.000e+00]]
traceR:  3.000054359647242
orientation error:  0.0
R_error: 
 [[ 1.000e+00 -1.988e-15 -7.851e-03]
 [-8.217e-05  1.000e+00  9.966e-04]
 [ 7.851e-03 -1.000e-03  1.000e+00]]
traceR:  3.000054359647242
orientation error:  0.0
R_error: 
 [[ 1.000e+00 -1.988e-15 -7.851e-03]
 [-8.217e-05  1.000e+00  9.966e-04]
 [ 7.851e-03 -1.000e-03  1.000e+00]]
traceR:  3.000054359647242
orientation error:  0.0
R_error: 
 [[ 1.000e+00 -1.988e-15 -7.851e-03]
 [-8.217e-05  1.000e+00  9.966e-04]
 [ 7.851e-03 -1.000e-03  1.000e+00]]
traceR:  3.000054359647242
orientation error:  0.0
R_error: 
 [[ 1.000e+00 -1.988e-15 -7.851e-03]
 [-8.217e-05  1.000e+00  9.966e-04]
 [ 7.851e-03 -1.000e-03  1.000e+00]]
traceR:  3.000054359647242
orientation error:  0.0
R_error: 
 [[ 1.000e+00 -1.988e-15 -7.851e-03]
 [-8.217e-05  1.000e+00  9.966e-04]
 [ 7.851e-03 -1.000e-03  1.000e+00]]
traceR:  3.000054359647242
orientation error:  0.0
R_error: 
 [[ 1.000e+00 -1.988e-15 -7.851e-03]
 [-8.217e-05  1.000e+00  9.966e-04]
 [ 7.851e-03 -1.000e-03  1.000e+00]]
traceR:  3.000054359647242
orientation error:  0.0
R_error: 
 [[ 1.000e+00 -1.988e-15 -7.851e-03]
 [-8.217e-05  1.000e+00  9.966e-04]
 [ 7.851e-03 -1.000e-03  1.000e+00]]
traceR:  3.000054359647242
orientation error:  0.0

--- 0.009083986282348633 seconds ---
i:  2
orientation error:  0.0
R_current: 
 [[ 1.000e+00  1.980e-15 -1.885e-16]
 [ 2.034e-15 -9.966e-01  8.217e-02]
 [-1.755e-17 -8.217e-02 -9.966e-01]]
R_desired: 
 [[ 1.    -0.    -0.001]
 [ 0.    -0.996  0.09 ]
 [-0.001 -0.09  -0.996]]
------------------------------------------- FK -------------------------------------------
Current EE Orientation: 
 [[ 1.000e+00  1.980e-15 -1.885e-16]
 [ 2.034e-15 -9.966e-01  8.222e-02]
 [-1.231e-17 -8.222e-02 -9.966e-01]]
____________________________________________________________________________________________________________________________
input current output js wrist joint values (roll,gamma,beta,alpha): 
 [-0.0, 0.02217124673376404, 0.0, 0.0]
IK wrist joint values pre-cable allocation (roll,gamma,beta,alpha): 
 [-0.0, 0.027421996297207485, 0.0, 0.0]
IK wrist joint values post-cable allocation (roll,gamma,beta,alpha): 
 [-0.0, 0.027437746653696204, 0.0, 0.0]
cable allocation error(roll,gamma,beta,alpha): 
 [0.0, 1.5750356488718892e-05, 0.0, 0.0]
============================================================================================================================
iteration:  9
------------------------------------------- FK -------------------------------------------
Current EE Orientation: 
 [[ 1.000e+00 -7.434e-05 -9.972e-04]
 [ 2.034e-15 -9.972e-01  7.434e-02]
 [-1.000e-03 -7.434e-02 -9.972e-01]]
------------------------------------------- IK -------------------------------------------
R_error: 
 [[ 9.997e-01 -1.986e-15 -2.575e-02]
 [-7.434e-05  1.000e+00  9.972e-04]
 [ 2.575e-02 -1.000e-03  9.997e-01]]
traceR:  2.9993616923553224
orientation error:  0.02526542302479252
R_error: 
 [[ 9.997e-01  6.314e-03 -2.575e-02]
 [-6.391e-03  1.000e+00  9.972e-04]
 [ 2.576e-02 -8.373e-04  9.997e-01]]
traceR:  2.9993213329357316
orientation error:  0.026051975935758732
R_error: 
 [[ 9.997e-01 -6.314e-03 -2.575e-02]
 [ 6.242e-03  1.000e+00  9.972e-04]
 [ 2.575e-02 -1.163e-03  9.997e-01]]
traceR:  2.9993222720731523
orientation error:  0.026033943354182656
R_error: 
 [[ 1.000e+00 -1.988e-15 -6.806e-03]
 [-9.322e-05  1.000e+00  9.956e-04]
 [ 6.806e-03 -1.000e-03  1.000e+00]]
traceR:  2.9999786745374717
orientation error:  0.004617954138616328
R_error: 
 [[ 9.990e-01 -1.984e-15 -4.469e-02]
 [-5.543e-05  1.000e+00  9.985e-04]
 [ 4.469e-02 -1.000e-03  9.990e-01]]
traceR:  2.9980268265488683
orientation error:  0.04442406991306508
R_error: 
 [[ 9.994e-01  1.313e-03 -3.521e-02]
 [-8.008e-04  9.998e-01  1.739e-02]
 [ 3.523e-02 -1.735e-02  9.992e-01]]
traceR:  2.9984821380871924
orientation error:  0.038962211740842315
R_error: 
 [[ 9.999e-01 -1.158e-03 -1.627e-02]
 [ 8.073e-04  9.999e-01 -1.538e-02]
 [ 1.628e-02  1.536e-02  9.998e-01]]
traceR:  2.999523635748009
orientation error:  0.021826203596458364
R_error: 
 [[ 9.994e-01 -1.313e-03 -3.521e-02]
 [ 6.711e-04  9.999e-01 -1.539e-02]
 [ 3.523e-02  1.535e-02  9.993e-01]]
traceR:  2.998547726723626
orientation error:  0.038111009807589906
R_error: 
 [[ 9.999e-01  1.158e-03 -1.627e-02]
 [-9.749e-04  9.998e-01  1.738e-02]
