============================================================================================================================
iteration:  0
------------------------------------------- FK -------------------------------------------
Current EE Orientation: 
 [[ 1.000e+00  1.987e-15 -1.000e-03]
 [ 2.032e-15 -1.000e+00 -1.225e-16]
 [-1.000e-03  1.205e-16 -1.000e+00]]
------------------------------------------- IK -------------------------------------------

--- 0.003989219665527344 seconds ---
i:  1
orientation error:  2.9802322387695312e-08
R_current: 
 [[ 1.000e+00  1.987e-15 -1.225e-16]
 [ 2.032e-15 -1.000e+00 -1.225e-16]
 [-1.225e-16  1.225e-16 -1.000e+00]]
R_desired: 
 [[ 1.    -0.    -0.001]
 [ 0.    -1.     0.01 ]
 [-0.001 -0.01  -1.   ]]
------------------------------------------- FK -------------------------------------------
Current EE Orientation: 
 [[ 1.000e+00  1.987e-15 -1.225e-16]
 [ 2.032e-15 -1.000e+00 -1.225e-16]
 [-1.225e-16  1.225e-16 -1.000e+00]]
____________________________________________________________________________________________________________________________
input current output js wrist joint values (roll,gamma,beta,alpha): 
 [-0.0, 0.0, 0.0, 0.0]
IK wrist joint values pre-cable allocation (roll,gamma,beta,alpha): 
 [-0.0, 0.0, 0.0, 0.0]
IK wrist joint values post-cable allocation (roll,gamma,beta,alpha): 
 [-0.0, 0.0, 0.0, 0.0]
cable allocation error(roll,gamma,beta,alpha): 
 [0.0, 0.0, 0.0, 0.0]
============================================================================================================================
iteration:  1
------------------------------------------- FK -------------------------------------------
Current EE Orientation: 
 [[ 1.000e+00 -7.718e-06 -1.000e-03]
 [ 2.199e-15 -1.000e+00  7.718e-03]
 [-1.000e-03 -7.718e-03 -1.000e+00]]
------------------------------------------- IK -------------------------------------------

--- 0.0029823780059814453 seconds ---
i:  1
orientation error:  nan
R_current: 
 [[ 1.000e+00  1.987e-15 -1.287e-16]
 [ 2.199e-15 -1.000e+00  7.718e-03]
 [-1.122e-16 -7.718e-03 -1.000e+00]]
R_desired: 
 [[ 1.    -0.    -0.001]
 [ 0.    -1.     0.02 ]
 [-0.001 -0.02  -1.   ]]
------------------------------------------- FK -------------------------------------------
Current EE Orientation: 
 [[ 1.000e+00  1.987e-15 -1.276e-16]
 [ 2.199e-15 -1.000e+00  6.369e-03]
 [-1.143e-16 -6.369e-03 -1.000e+00]]
____________________________________________________________________________________________________________________________
input current output js wrist joint values (roll,gamma,beta,alpha): 
 [-0.0, 0.0025725903431251212, 0.0, 0.0]
IK wrist joint values pre-cable allocation (roll,gamma,beta,alpha): 
 [-0.0, 0.0025725903431251212, 0.0, 0.0]
IK wrist joint values post-cable allocation (roll,gamma,beta,alpha): 
 [-0.0, 0.002123161324198994, 0.0, 0.0]
cable allocation error(roll,gamma,beta,alpha): 
 [0.0, -0.00044942901892612705, 0.0, 0.0]
============================================================================================================================
iteration:  2
------------------------------------------- FK -------------------------------------------
Current EE Orientation: 
 [[ 1.000e+00 -1.559e-05 -9.999e-04]
 [ 2.032e-15 -9.999e-01  1.559e-02]
 [-1.000e-03 -1.559e-02 -9.999e-01]]
------------------------------------------- IK -------------------------------------------

--- 0.001995563507080078 seconds ---
i:  1
orientation error:  nan
R_current: 
 [[ 1.000e+00  1.986e-15 -1.350e-16]
 [ 2.032e-15 -9.999e-01  1.559e-02]
 [-1.027e-16 -1.559e-02 -9.999e-01]]
R_desired: 
 [[ 1.    -0.    -0.001]
 [ 0.    -1.     0.03 ]
 [-0.001 -0.03  -1.   ]]
------------------------------------------- FK -------------------------------------------
Current EE Orientation: 
 [[ 1.000e+00  1.986e-15 -1.328e-16]
 [ 2.032e-15 -9.999e-01  1.286e-02]
 [-1.067e-16 -1.286e-02 -9.999e-01]]
____________________________________________________________________________________________________________________________
input current output js wrist joint values (roll,gamma,beta,alpha): 
 [-0.0, 0.005195937646713331, 0.0, 0.0]
IK wrist joint values pre-cable allocation (roll,gamma,beta,alpha): 
 [-0.0, 0.005195937646713331, 0.0, 0.0]
IK wrist joint values post-cable allocation (roll,gamma,beta,alpha): 
 [-0.0, 0.0042882087761595845, 0.0, 0.0]
cable allocation error(roll,gamma,beta,alpha): 
 [0.0, -0.0009077288705537463, 0.0, 0.0]
============================================================================================================================
iteration:  3
------------------------------------------- FK -------------------------------------------
Current EE Orientation: 
 [[ 1.000e+00 -2.428e-05 -9.997e-04]
 [ 2.033e-15 -9.997e-01  2.428e-02]
 [-1.000e-03 -2.428e-02 -9.997e-01]]
------------------------------------------- IK -------------------------------------------

--- 0.00498652458190918 seconds ---
i:  3
orientation error:  0.02025303052305238
R_current: 
 [[ 1.000e+00  1.984e-15 -1.573e-16]
 [ 2.033e-15 -9.991e-01  4.334e-02]
 [-6.312e-17 -4.334e-02 -9.991e-01]]
R_desired: 
 [[ 1.    -0.    -0.001]
 [ 0.    -0.999  0.04 ]
 [-0.001 -0.04  -0.999]]
------------------------------------------- FK -------------------------------------------
Current EE Orientation: 
 [[ 1.000e+00  1.984e-15 -1.512e-16]
 [ 2.033e-15 -9.994e-01  3.577e-02]
 [-7.936e-17 -3.577e-02 -9.994e-01]]
____________________________________________________________________________________________________________________________
input current output js wrist joint values (roll,gamma,beta,alpha): 
 [-0.0, 0.00809474796781486, 0.0, 0.0]
IK wrist joint values pre-cable allocation (roll,gamma,beta,alpha): 
 [-0.0, 0.014451791768128185, 0.0, 0.0]
IK wrist joint values post-cable allocation (roll,gamma,beta,alpha): 
 [-0.0, 0.011926977365720964, 0.0, 0.0]
cable allocation error(roll,gamma,beta,alpha): 
 [0.0, -0.0025248144024072206, 0.0, 0.0]
============================================================================================================================
iteration:  4
------------------------------------------- FK -------------------------------------------
Current EE Orientation: 
 [[ 1.000e+00 -3.241e-05 -9.995e-04]
 [ 2.366e-15 -9.995e-01  3.241e-02]
 [-1.000e-03 -3.241e-02 -9.995e-01]]
------------------------------------------- IK -------------------------------------------

--- 0.0019941329956054688 seconds ---
i:  1
orientation error:  nan
R_current: 
 [[ 1.000e+00  1.985e-15 -1.485e-16]
 [ 2.366e-15 -9.995e-01  3.241e-02]
 [-7.835e-17 -3.241e-02 -9.995e-01]]
R_desired: 
 [[ 1.    -0.    -0.001]
 [ 0.    -0.999  0.05 ]
 [-0.001 -0.05  -0.999]]
------------------------------------------- FK -------------------------------------------
Current EE Orientation: 
 [[ 1.000e+00  1.985e-15 -1.440e-16]
 [ 2.200e-15 -9.996e-01  2.675e-02]
 [-8.872e-17 -2.675e-02 -9.996e-01]]
____________________________________________________________________________________________________________________________
input current output js wrist joint values (roll,gamma,beta,alpha): 
 [-0.0, 0.010805456242974198, 0.0, 0.0]
IK wrist joint values pre-cable allocation (roll,gamma,beta,alpha): 
 [-0.0, 0.010805456242974198, 0.0, 0.0]
IK wrist joint values post-cable allocation (roll,gamma,beta,alpha): 
 [-0.0, 0.008917712671913172, 0.0, 0.0]
cable allocation error(roll,gamma,beta,alpha): 
 [0.0, -0.0018877435710610256, 0.0, 0.0]
============================================================================================================================
iteration:  5
------------------------------------------- FK -------------------------------------------
Current EE Orientation: 
 [[ 1.000e+00 -4.072e-05 -9.992e-04]
 [ 2.033e-15 -9.992e-01  4.072e-02]
 [-1.000e-03 -4.072e-02 -9.992e-01]]
------------------------------------------- IK -------------------------------------------

--- 0.005016803741455078 seconds ---
i:  3
orientation error:  0.019956318631466186
R_current: 
 [[ 1.000e+00  1.982e-15 -1.719e-16]
 [ 2.034e-15 -9.981e-01  6.149e-02]
 [-4.393e-17 -6.149e-02 -9.981e-01]]
R_desired: 
 [[ 1.    -0.    -0.001]
 [ 0.    -0.998  0.06 ]
 [-0.001 -0.06  -0.998]]
------------------------------------------- FK -------------------------------------------
Current EE Orientation: 
 [[ 1.000e+00  1.983e-15 -1.633e-16]
 [ 2.367e-15 -9.987e-01  5.076e-02]
 [-5.437e-17 -5.076e-02 -9.987e-01]]
____________________________________________________________________________________________________________________________
input current output js wrist joint values (roll,gamma,beta,alpha): 
 [-0.0, 0.013577670164126891, 0.0, 0.0]
IK wrist joint values pre-cable allocation (roll,gamma,beta,alpha): 
 [-0.0, 0.020510699967173866, 0.0, 0.0]
IK wrist joint values post-cable allocation (roll,gamma,beta,alpha): 
 [-0.0, 0.0169272086789836, 0.0, 0.0]
cable allocation error(roll,gamma,beta,alpha): 
 [0.0, -0.0035834912881902645, 0.0, 0.0]
============================================================================================================================
iteration:  6
------------------------------------------- FK -------------------------------------------
Current EE Orientation: 
 [[ 1.000e+00 -4.903e-05 -9.988e-04]
 [ 2.367e-15 -9.988e-01  4.903e-02]
 [-1.000e-03 -4.903e-02 -9.988e-01]]
------------------------------------------- IK -------------------------------------------

--- 0.001997709274291992 seconds ---
i:  1
orientation error:  nan
R_current: 
 [[ 1.000e+00  1.983e-15 -1.619e-16]
 [ 2.367e-15 -9.988e-01  4.903e-02]
 [-5.590e-17 -4.903e-02 -9.988e-01]]
R_desired: 
 [[ 1.    -0.    -0.001]
 [ 0.    -0.998  0.07 ]
 [-0.001 -0.07  -0.998]]
------------------------------------------- FK -------------------------------------------
Current EE Orientation: 
 [[ 1.000e+00  1.984e-15 -1.550e-16]
 [ 2.200e-15 -9.992e-01  4.047e-02]
 [-7.089e-17 -4.047e-02 -9.992e-01]]
____________________________________________________________________________________________________________________________
input current output js wrist joint values (roll,gamma,beta,alpha): 
 [-0.0, 0.016349884085279584, 0.0, 0.0]
IK wrist joint values pre-cable allocation (roll,gamma,beta,alpha): 
 [-0.0, 0.016349884085279584, 0.0, 0.0]
IK wrist joint values post-cable allocation (roll,gamma,beta,alpha): 
 [-0.0, 0.013493428739484597, 0.0, 0.0]
cable allocation error(roll,gamma,beta,alpha): 
 [0.0, -0.002856455345794987, 0.0, 0.0]
============================================================================================================================
iteration:  7
------------------------------------------- FK -------------------------------------------
Current EE Orientation: 
 [[ 1.000e+00 -5.634e-05 -9.984e-04]
 [ 2.034e-15 -9.984e-01  5.634e-02]
 [-1.000e-03 -5.634e-02 -9.984e-01]]
------------------------------------------- IK -------------------------------------------

--- 0.0030198097229003906 seconds ---
i:  2
orientation error:  0.012362697774327394
R_current: 
 [[ 1.000e+00  1.983e-15 -1.677e-16]
 [ 2.034e-15 -9.984e-01  5.634e-02]
 [-5.310e-17 -5.634e-02 -9.984e-01]]
R_desired: 
 [[ 1.    -0.    -0.001]
 [ 0.    -0.997  0.08 ]
 [-0.001 -0.08  -0.997]]
------------------------------------------- FK -------------------------------------------
Current EE Orientation: 
 [[ 1.000e+00  1.984e-15 -1.599e-16]
 [ 2.034e-15 -9.989e-01  4.650e-02]
 [-6.329e-17 -4.650e-02 -9.989e-01]]
____________________________________________________________________________________________________________________________
input current output js wrist joint values (roll,gamma,beta,alpha): 
 [-0.0, 0.018789625854607275, 0.0, 0.0]
IK wrist joint values pre-cable allocation (roll,gamma,beta,alpha): 
 [-0.0, 0.018789625854607275, 0.0, 0.0]
IK wrist joint values post-cable allocation (roll,gamma,beta,alpha): 
 [-0.0, 0.015506872740977283, 0.0, 0.0]
cable allocation error(roll,gamma,beta,alpha): 
 [0.0, -0.003282753113629992, 0.0, 0.0]
============================================================================================================================
iteration:  8
------------------------------------------- FK -------------------------------------------
Current EE Orientation: 
 [[ 1.000e+00 -6.646e-05 -9.978e-04]
 [ 2.034e-15 -9.978e-01  6.646e-02]
 [-1.000e-03 -6.646e-02 -9.978e-01]]
------------------------------------------- IK -------------------------------------------

--- 0.0039899349212646484 seconds ---
i:  2
orientation error:  0.02100299825377377
R_current: 
 [[ 1.000e+00  1.982e-15 -1.759e-16]
 [ 2.034e-15 -9.978e-01  6.646e-02]
 [-3.489e-17 -6.646e-02 -9.978e-01]]
R_desired: 
 [[ 1.    -0.    -0.001]
 [ 0.    -0.996  0.09 ]
 [-0.001 -0.09  -0.996]]
------------------------------------------- FK -------------------------------------------
Current EE Orientation: 
 [[ 1.000e+00  1.983e-15 -1.666e-16]
 [ 2.034e-15 -9.985e-01  5.487e-02]
 [-5.424e-17 -5.487e-02 -9.985e-01]]
____________________________________________________________________________________________________________________________
input current output js wrist joint values (roll,gamma,beta,alpha): 
 [-0.0, 0.02217124673376404, 0.0, 0.0]
IK wrist joint values pre-cable allocation (roll,gamma,beta,alpha): 
 [-0.0, 0.02217124673376404, 0.0, 0.0]
IK wrist joint values post-cable allocation (roll,gamma,beta,alpha): 
 [-0.0, 0.018297581868187193, 0.0, 0.0]
cable allocation error(roll,gamma,beta,alpha): 
 [0.0, -0.0038736648655768487, 0.0, 0.0]
============================================================================================================================
iteration:  9
------------------------------------------- FK -------------------------------------------
Current EE Orientation: 
 [[ 1.000e+00 -7.434e-05 -9.972e-04]
 [ 2.034e-15 -9.972e-01  7.434e-02]
 [-1.000e-03 -7.434e-02 -9.972e-01]]
------------------------------------------- IK -------------------------------------------

--- 0.0029935836791992188 seconds ---
i:  2
orientation error:  0.004617954138616328
R_current: 
 [[ 1.000e+00  1.979e-15 -1.973e-16]
 [ 2.367e-15 -9.956e-01  9.322e-02]
 [ 6.564e-18 -9.322e-02 -9.956e-01]]
R_desired: 
 [[ 1.    -0.    -0.001]
 [ 0.    -0.995  0.1  ]
 [-0.001 -0.1   -0.995]]
------------------------------------------- FK -------------------------------------------
Current EE Orientation: 
 [[ 1.000e+00  1.981e-15 -1.843e-16]
 [ 2.201e-15 -9.970e-01  7.697e-02]
 [-2.770e-17 -7.697e-02 -9.970e-01]]
____________________________________________________________________________________________________________________________
input current output js wrist joint values (roll,gamma,beta,alpha): 
 [-0.0, 0.02480361913006947, 0.0, 0.0]
IK wrist joint values pre-cable allocation (roll,gamma,beta,alpha): 
 [-0.0, 0.031119974886267603, 0.0, 0.0]
IK wrist joint values post-cable allocation (roll,gamma,beta,alpha): 
 [-0.0, 0.025682316400302347, 0.0, 0.0]
cable allocation error(roll,gamma,beta,alpha): 
 [0.0, -0.005437658485965256, 0.0, 0.0]
============================================================================================================================
iteration:  10
------------------------------------------- FK -------------------------------------------
Current EE Orientation: 
 [[ 1.000e+00 -8.327e-05 -9.965e-04]
 [ 2.367e-15 -9.965e-01  8.327e-02]
 [-1.000e-03 -8.327e-02 -9.965e-01]]
------------------------------------------- IK -------------------------------------------

--- 0.003960847854614258 seconds ---
i:  2
orientation error:  0.024179396358018797
R_current: 
 [[ 1.000e+00  1.980e-15 -1.893e-16]
 [ 2.367e-15 -9.965e-01  8.327e-02]
 [-2.242e-18 -8.327e-02 -9.965e-01]]
R_desired: 
 [[ 1.    -0.    -0.001]
 [ 0.    -0.994  0.11 ]
 [-0.001 -0.11  -0.994]]
------------------------------------------- FK -------------------------------------------
Current EE Orientation: 
 [[ 1.000e+00  1.982e-15 -1.777e-16]
 [ 2.367e-15 -9.976e-01  6.875e-02]
 [-2.548e-17 -6.875e-02 -9.976e-01]]
____________________________________________________________________________________________________________________________
input current output js wrist joint values (roll,gamma,beta,alpha): 
 [-0.0, 0.0277904832790243, 0.0, 0.0]
IK wrist joint values pre-cable allocation (roll,gamma,beta,alpha): 
 [-0.0, 0.0277904832790243, 0.0, 0.0]
IK wrist joint values post-cable allocation (roll,gamma,beta,alpha): 
 [-0.0, 0.022934781283438368, 0.0, 0.0]
cable allocation error(roll,gamma,beta,alpha): 
 [0.0, -0.004855701995585934, 0.0, 0.0]
============================================================================================================================
iteration:  11
------------------------------------------- FK -------------------------------------------
Current EE Orientation: 
 [[ 1.000e+00 -8.923e-05 -9.960e-04]
 [ 2.200e-15 -9.960e-01  8.923e-02]
 [-1.000e-03 -8.923e-02 -9.960e-01]]
------------------------------------------- IK -------------------------------------------

--- 0.003988981246948242 seconds ---
i:  2
orientation error:  0.026183530647505268
R_current: 
 [[ 1.000e+00  1.979e-15 -1.941e-16]
 [ 2.200e-15 -9.960e-01  8.923e-02]
 [-1.933e-18 -8.923e-02 -9.960e-01]]
R_desired: 
 [[ 1.    -0.    -0.001]
 [ 0.    -0.993  0.119]
 [-0.001 -0.119 -0.993]]
------------------------------------------- FK -------------------------------------------
Current EE Orientation: 
 [[ 1.000e+00  1.981e-15 -1.816e-16]
 [ 2.034e-15 -9.973e-01  7.367e-02]
 [-3.452e-17 -7.367e-02 -9.973e-01]]
____________________________________________________________________________________________________________________________
input current output js wrist joint values (roll,gamma,beta,alpha): 
 [-0.0, 0.029781726044994187, 0.0, 0.0]
IK wrist joint values pre-cable allocation (roll,gamma,beta,alpha): 
 [-0.0, 0.029781726044994187, 0.0, 0.0]
IK wrist joint values post-cable allocation (roll,gamma,beta,alpha): 
 [-0.0, 0.0245779860516021, 0.0, 0.0]
cable allocation error(roll,gamma,beta,alpha): 
 [0.0, -0.005203739993392086, 0.0, 0.0]
============================================================================================================================
iteration:  12
------------------------------------------- FK -------------------------------------------
Current EE Orientation: 
 [[ 1.000e+00 -9.815e-05 -9.952e-04]
 [ 2.200e-15 -9.952e-01  9.815e-02]
 [-1.000e-03 -9.815e-02 -9.952e-01]]
------------------------------------------- IK -------------------------------------------

--- 0.0039594173431396484 seconds ---
i:  2
orientation error:  0.01602942673206779
R_current: 
 [[ 1.000e+00  1.978e-15 -2.013e-16]
 [ 2.200e-15 -9.952e-01  9.815e-02]
 [ 2.716e-19 -9.815e-02 -9.952e-01]]
R_desired: 
 [[ 1.    -0.    -0.001]
 [ 0.    -0.992  0.129]
 [-0.001 -0.129 -0.992]]
------------------------------------------- FK -------------------------------------------
Current EE Orientation: 
 [[ 1.000e+00  1.980e-15 -1.876e-16]
 [ 2.201e-15 -9.967e-01  8.104e-02]
 [-2.432e-17 -8.104e-02 -9.967e-01]]
____________________________________________________________________________________________________________________________
input current output js wrist joint values (roll,gamma,beta,alpha): 
 [-0.0, 0.03276859019394901, 0.0, 0.0]
IK wrist joint values pre-cable allocation (roll,gamma,beta,alpha): 
 [-0.0, 0.03276859019394901, 0.0, 0.0]
IK wrist joint values post-cable allocation (roll,gamma,beta,alpha): 
 [-0.0, 0.027042747013797466, 0.0, 0.0]
cable allocation error(roll,gamma,beta,alpha): 
 [0.0, -0.005725843180151544, 0.0, 0.0]
============================================================================================================================
iteration:  13
------------------------------------------- FK -------------------------------------------
Current EE Orientation: 
 [[ 1.000e+00 -1.083e-04 -9.941e-04]
 [ 2.034e-15 -9.941e-01  1.083e-01]
 [-1.000e-03 -1.083e-01 -9.941e-01]]
------------------------------------------- IK -------------------------------------------

--- 0.004958152770996094 seconds ---
i:  3
orientation error:  0.024114152248698
R_current: 
 [[ 1.000e+00  1.974e-15 -2.328e-16]
 [ 2.032e-15 -9.905e-01  1.375e-01]
 [ 5.657e-17 -1.375e-01 -9.905e-01]]
R_desired: 
 [[ 1.    -0.    -0.001]
 [ 0.    -0.99   0.139]
 [-0.001 -0.139 -0.99 ]]
------------------------------------------- FK -------------------------------------------
Current EE Orientation: 
 [[ 1.000e+00  1.977e-15 -2.136e-16]
 [ 2.200e-15 -9.935e-01  1.136e-01]
 [ 2.351e-17 -1.136e-01 -9.935e-01]]
____________________________________________________________________________________________________________________________
input current output js wrist joint values (roll,gamma,beta,alpha): 
 [-0.0, 0.036184925233503445, 0.0, 0.0]
IK wrist joint values pre-cable allocation (roll,gamma,beta,alpha): 
 [-0.0, 0.045983046183505114, 0.0, 0.0]
IK wrist joint values post-cable allocation (roll,gamma,beta,alpha): 
 [-0.0, 0.037946520057811, 0.0, 0.0]
cable allocation error(roll,gamma,beta,alpha): 
 [0.0, -0.00803652612569411, 0.0, 0.0]
============================================================================================================================
iteration:  14
------------------------------------------- FK -------------------------------------------
Current EE Orientation: 
 [[ 1.000e+00 -1.152e-04 -9.933e-04]
 [ 2.033e-15 -9.933e-01  1.152e-01]
 [-1.000e-03 -1.152e-01 -9.933e-01]]
------------------------------------------- IK -------------------------------------------

--- 0.004975080490112305 seconds ---
i:  2
orientation error:  0.02902263457408408
R_current: 
 [[ 1.000e+00  1.976e-15 -2.149e-16]
 [ 2.033e-15 -9.933e-01  1.152e-01]
 [ 1.841e-17 -1.152e-01 -9.933e-01]]
R_desired: 
 [[ 1.    -0.    -0.001]
 [ 0.    -0.989  0.149]
 [-0.001 -0.149 -0.989]]
------------------------------------------- FK -------------------------------------------
Current EE Orientation: 
 [[ 1.000e+00  1.979e-15 -1.988e-16]
 [ 2.200e-15 -9.955e-01  9.510e-02]
 [ 2.942e-18 -9.510e-02 -9.955e-01]]
____________________________________________________________________________________________________________________________
input current output js wrist joint values (roll,gamma,beta,alpha): 
 [-0.0, 0.038470984818995316, 0.0, 0.0]
IK wrist joint values pre-cable allocation (roll,gamma,beta,alpha): 
 [-0.0, 0.038470984818995316, 0.0, 0.0]
IK wrist joint values post-cable allocation (roll,gamma,beta,alpha): 
 [-0.0, 0.0317481922099417, 0.0, 0.0]
cable allocation error(roll,gamma,beta,alpha): 
 [0.0, -0.006722792609053618, 0.0, 0.0]
============================================================================================================================
iteration:  15
------------------------------------------- FK -------------------------------------------
Current EE Orientation: 
 [[ 1.000e+00 -1.220e-04 -9.925e-04]
 [ 2.199e-15 -9.925e-01  1.220e-01]
 [-1.000e-03 -1.220e-01 -9.925e-01]]
------------------------------------------- IK -------------------------------------------

--- 0.005983114242553711 seconds ---
i:  3
orientation error:  0.0238471107663535
R_current: 
 [[ 1.000e+00  1.971e-15 -2.466e-16]
 [ 2.031e-15 -9.879e-01  1.548e-01]
 [ 7.002e-17 -1.548e-01 -9.879e-01]]
R_desired: 
 [[ 1.    -0.    -0.001]
 [ 0.    -0.987  0.159]
 [-0.001 -0.159 -0.987]]
------------------------------------------- FK -------------------------------------------
Current EE Orientation: 
 [[ 1.000e+00  1.975e-15 -2.251e-16]
 [ 2.199e-15 -9.918e-01  1.279e-01]
 [ 4.581e-17 -1.279e-01 -9.918e-01]]
____________________________________________________________________________________________________________________________
input current output js wrist joint values (roll,gamma,beta,alpha): 
 [-0.0, 0.0407570444044872, 0.0, 0.0]
IK wrist joint values pre-cable allocation (roll,gamma,beta,alpha): 
 [-0.0, 0.05180356660487262, 0.0, 0.0]
IK wrist joint values post-cable allocation (roll,gamma,beta,alpha): 
 [-0.0, 0.04274876551735922, 0.0, 0.0]
cable allocation error(roll,gamma,beta,alpha): 
 [0.0, -0.0090548010875134, 0.0, 0.0]
============================================================================================================================
iteration:  16
------------------------------------------- FK -------------------------------------------
Current EE Orientation: 
 [[ 1.000e+00 -1.327e-04 -9.912e-04]
 [ 2.365e-15 -9.912e-01  1.327e-01]
 [-1.000e-03 -1.327e-01 -9.912e-01]]
------------------------------------------- IK -------------------------------------------

--- 0.003982067108154297 seconds ---
i:  2
orientation error:  0.02426700844716483
R_current: 
 [[ 1.000e+00  1.974e-15 -2.289e-16]
 [ 2.365e-15 -9.912e-01  1.327e-01]
 [ 6.757e-17 -1.327e-01 -9.912e-01]]
R_desired: 
 [[ 1.    -0.    -0.001]
 [ 0.    -0.986  0.169]
 [-0.001 -0.169 -0.986]]
------------------------------------------- FK -------------------------------------------
Current EE Orientation: 
 [[ 1.000e+00  1.977e-15 -2.104e-16]
 [ 2.366e-15 -9.940e-01  1.096e-01]
 [ 2.627e-17 -1.096e-01 -9.940e-01]]
____________________________________________________________________________________________________________________________
input current output js wrist joint values (roll,gamma,beta,alpha): 
 [-0.0, 0.04435700355700387, 0.0, 0.0]
IK wrist joint values pre-cable allocation (roll,gamma,beta,alpha): 
 [-0.0, 0.04435700355700387, 0.0, 0.0]
IK wrist joint values post-cable allocation (roll,gamma,beta,alpha): 
 [-0.0, 0.03660488740063264, 0.0, 0.0]
cable allocation error(roll,gamma,beta,alpha): 
 [0.0, -0.007752116156371232, 0.0, 0.0]
============================================================================================================================
iteration:  17
------------------------------------------- FK -------------------------------------------
Current EE Orientation: 
 [[ 1.000e+00 -1.403e-04 -9.901e-04]
 [ 2.032e-15 -9.901e-01  1.403e-01]
 [-1.000e-03 -1.403e-01 -9.901e-01]]
------------------------------------------- IK -------------------------------------------

--- 0.002985239028930664 seconds ---
i:  2
orientation error:  0.035155321288556286
R_current: 
 [[ 1.000e+00  1.973e-15 -2.350e-16]
 [ 2.032e-15 -9.901e-01  1.403e-01]
 [ 4.837e-17 -1.403e-01 -9.901e-01]]
R_desired: 
 [[ 1.    -0.    -0.001]
 [ 0.    -0.984  0.179]
 [-0.001 -0.179 -0.984]]
------------------------------------------- FK -------------------------------------------
Current EE Orientation: 
 [[ 1.000e+00  1.976e-15 -2.155e-16]
 [ 2.033e-15 -9.933e-01  1.159e-01]
 [ 1.900e-17 -1.159e-01 -9.933e-01]]
____________________________________________________________________________________________________________________________
input current output js wrist joint values (roll,gamma,beta,alpha): 
 [-0.0, 0.04693100629486627, 0.0, 0.0]
IK wrist joint values pre-cable allocation (roll,gamma,beta,alpha): 
 [-0.0, 0.04693100629486627, 0.0, 0.0]
IK wrist joint values post-cable allocation (roll,gamma,beta,alpha): 
 [-0.0, 0.03872866161741998, 0.0, 0.0]
cable allocation error(roll,gamma,beta,alpha): 
 [0.0, -0.008202344677446287, 0.0, 0.0]
============================================================================================================================
iteration:  18
------------------------------------------- FK -------------------------------------------
Current EE Orientation: 
 [[ 1.000e+00 -1.480e-04 -9.890e-04]
 [ 2.198e-15 -9.890e-01  1.480e-01]
 [-1.000e-03 -1.480e-01 -9.890e-01]]
------------------------------------------- IK -------------------------------------------

--- 0.005983829498291016 seconds ---
i:  3
orientation error:  0.00848193864086676
R_current: 
 [[ 1.000e+00  1.968e-15 -2.655e-16]
 [ 2.029e-15 -9.840e-01  1.784e-01]
 [ 1.196e-16 -1.784e-01 -9.840e-01]]
R_desired: 
 [[ 1.    -0.    -0.001]
 [ 0.    -0.982  0.189]
 [-0.001 -0.189 -0.982]]
------------------------------------------- FK -------------------------------------------
Current EE Orientation: 
 [[ 1.000e+00  1.972e-15 -2.407e-16]
 [ 2.032e-15 -9.891e-01  1.474e-01]
 [ 6.429e-17 -1.474e-01 -9.891e-01]]
____________________________________________________________________________________________________________________________
input current output js wrist joint values (roll,gamma,beta,alpha): 
 [-0.0, 0.04950500903272865, 0.0, 0.0]
IK wrist joint values pre-cable allocation (roll,gamma,beta,alpha): 
 [-0.0, 0.0597751476592781, 0.0, 0.0]
IK wrist joint values post-cable allocation (roll,gamma,beta,alpha): 
 [-0.0, 0.049325157192986344, 0.0, 0.0]
cable allocation error(roll,gamma,beta,alpha): 
 [0.0, -0.010449990466291754, 0.0, 0.0]
============================================================================================================================
iteration:  19
------------------------------------------- FK -------------------------------------------
Current EE Orientation: 
 [[ 1.000e+00 -1.556e-04 -9.878e-04]
 [ 2.031e-15 -9.878e-01  1.556e-01]
 [-1.000e-03 -1.556e-01 -9.878e-01]]
------------------------------------------- IK -------------------------------------------

--- 0.010970830917358398 seconds ---
i:  3
orientation error:  0.021268557753668732
R_current: 
 [[ 1.000e+00  1.966e-15 -2.754e-16]
 [ 2.029e-15 -9.817e-01  1.907e-01]
 [ 1.085e-16 -1.907e-01 -9.817e-01]]
R_desired: 
 [[ 1.    -0.    -0.001]
 [ 0.    -0.98   0.198]
 [-0.001 -0.198 -0.98 ]]
------------------------------------------- FK -------------------------------------------
Current EE Orientation: 
 [[ 1.000e+00  1.971e-15 -2.489e-16]
 [ 2.031e-15 -9.875e-01  1.576e-01]
 [ 7.226e-17 -1.576e-01 -9.875e-01]]
____________________________________________________________________________________________________________________________
input current output js wrist joint values (roll,gamma,beta,alpha): 
 [-0.0, 0.052079011770591016, 0.0, 0.0]
IK wrist joint values pre-cable allocation (roll,gamma,beta,alpha): 
 [-0.0, 0.06395111062179179, 0.0, 0.0]
IK wrist joint values post-cable allocation (roll,gamma,beta,alpha): 
 [-0.0, 0.052769935258141956, 0.0, 0.0]
cable allocation error(roll,gamma,beta,alpha): 
 [0.0, -0.011181175363649834, 0.0, 0.0]
============================================================================================================================
iteration:  20
------------------------------------------- FK -------------------------------------------
Current EE Orientation: 
 [[ 1.000e+00 -1.634e-04 -9.866e-04]
 [ 2.030e-15 -9.866e-01  1.634e-01]
 [-1.000e-03 -1.634e-01 -9.866e-01]]
------------------------------------------- IK -------------------------------------------

--- 0.006011962890625 seconds ---
i:  4
orientation error:  0.016495051981978523
R_current: 
 [[ 1.000e+00  1.962e-15 -2.928e-16]
 [ 2.359e-15 -9.772e-01  2.124e-01]
 [ 1.493e-16 -2.124e-01 -9.772e-01]]
R_desired: 
 [[ 1.    -0.    -0.001]
 [ 0.    -0.978  0.208]
 [-0.001 -0.208 -0.978]]
------------------------------------------- FK -------------------------------------------
Current EE Orientation: 
 [[ 1.000e+00  1.968e-15 -2.634e-16]
 [ 2.196e-15 -9.844e-01  1.757e-01]
 [ 1.065e-16 -1.757e-01 -9.844e-01]]
____________________________________________________________________________________________________________________________
input current output js wrist joint values (roll,gamma,beta,alpha): 
 [-0.0, 0.0547174217298257, 0.0, 0.0]
IK wrist joint values pre-cable allocation (roll,gamma,beta,alpha): 
 [-0.0, 0.07134541376408579, 0.0, 0.0]
IK wrist joint values post-cable allocation (roll,gamma,beta,alpha): 
 [-0.0, 0.058868968544615555, 0.0, 0.0]
cable allocation error(roll,gamma,beta,alpha): 
 [0.0, -0.012476445219470236, 0.0, 0.0]
============================================================================================================================
iteration:  21
------------------------------------------- FK -------------------------------------------
Current EE Orientation: 
 [[ 1.000e+00 -1.719e-04 -9.851e-04]
 [ 2.362e-15 -9.851e-01  1.719e-01]
 [-1.000e-03 -1.719e-01 -9.851e-01]]
------------------------------------------- IK -------------------------------------------

--- 0.005984067916870117 seconds ---
i:  3
orientation error:  0.007609507159463013
R_current: 
 [[ 1.000e+00  1.963e-15 -2.874e-16]
 [ 2.027e-15 -9.786e-01  2.057e-01]
 [ 1.306e-16 -2.057e-01 -9.786e-01]]
R_desired: 
 [[ 1.    -0.    -0.001]
 [ 0.    -0.976  0.218]
 [-0.001 -0.218 -0.976]]
------------------------------------------- FK -------------------------------------------
Current EE Orientation: 
 [[ 1.000e+00  1.969e-15 -2.589e-16]
 [ 2.030e-15 -9.854e-01  1.701e-01]
 [ 9.239e-17 -1.701e-01 -9.854e-01]]
____________________________________________________________________________________________________________________________
input current output js wrist joint values (roll,gamma,beta,alpha): 
 [-0.0, 0.05757134410384633, 0.0, 0.0]
IK wrist joint values pre-cable allocation (roll,gamma,beta,alpha): 
 [-0.0, 0.06906262550543797, 0.0, 0.0]
IK wrist joint values post-cable allocation (roll,gamma,beta,alpha): 
 [-0.0, 0.056986141306313604, 0.0, 0.0]
cable allocation error(roll,gamma,beta,alpha): 
 [0.0, -0.012076484199124368, 0.0, 0.0]
============================================================================================================================
iteration:  22
------------------------------------------- FK -------------------------------------------
Current EE Orientation: 
 [[ 1.000e+00 -1.803e-04 -9.836e-04]
 [ 2.196e-15 -9.836e-01  1.803e-01]
 [-1.000e-03 -1.803e-01 -9.836e-01]]
------------------------------------------- IK -------------------------------------------

--- 0.003989219665527344 seconds ---
i:  2
orientation error:  0.04134537279849691
R_current: 
 [[ 1.000e+00  1.967e-15 -2.670e-16]
 [ 2.196e-15 -9.836e-01  1.803e-01]
 [ 1.104e-16 -1.803e-01 -9.836e-01]]
R_desired: 
 [[ 1.    -0.    -0.001]
 [ 0.    -0.974  0.228]
 [-0.001 -0.228 -0.974]]
------------------------------------------- FK -------------------------------------------
Current EE Orientation: 
 [[ 1.000e+00  1.972e-15 -2.420e-16]
 [ 2.364e-15 -9.888e-01  1.490e-01]
 [ 8.212e-17 -1.490e-01 -9.888e-01]]
____________________________________________________________________________________________________________________________
input current output js wrist joint values (roll,gamma,beta,alpha): 
 [-0.0, 0.06042526647786695, 0.0, 0.0]
IK wrist joint values pre-cable allocation (roll,gamma,beta,alpha): 
 [-0.0, 0.06042526647786695, 0.0, 0.0]
IK wrist joint values post-cable allocation (roll,gamma,beta,alpha): 
 [-0.0, 0.04986145880122631, 0.0, 0.0]
cable allocation error(roll,gamma,beta,alpha): 
 [0.0, -0.01056380767664064, 0.0, 0.0]
============================================================================================================================
iteration:  23
------------------------------------------- FK -------------------------------------------
Current EE Orientation: 
 [[ 1.000e+00 -1.887e-04 -9.820e-04]
 [ 2.029e-15 -9.820e-01  1.887e-01]
 [-1.000e-03 -1.887e-01 -9.820e-01]]
------------------------------------------- IK -------------------------------------------

--- 0.013962030410766602 seconds ---
i:  3
orientation error:  0.0319523323957639
R_current: 
 [[ 1.000e+00  1.958e-15 -3.083e-16]
 [ 2.026e-15 -9.728e-01  2.317e-01]
 [ 1.408e-16 -2.317e-01 -9.728e-01]]
R_desired: 
 [[ 1.    -0.    -0.001]
 [ 0.    -0.971  0.237]
 [-0.001 -0.237 -0.971]]
------------------------------------------- FK -------------------------------------------
Current EE Orientation: 
 [[ 1.000e+00  1.965e-15 -2.762e-16]
 [ 2.194e-15 -9.814e-01  1.918e-01]
 [ 1.304e-16 -1.918e-01 -9.814e-01]]
____________________________________________________________________________________________________________________________
input current output js wrist joint values (roll,gamma,beta,alpha): 
 [-0.0, 0.06327918885188759, 0.0, 0.0]
IK wrist joint values pre-cable allocation (roll,gamma,beta,alpha): 
 [-0.0, 0.07795422713696204, 0.0, 0.0]
IK wrist joint values post-cable allocation (roll,gamma,beta,alpha): 
 [-0.0, 0.06431942884561705, 0.0, 0.0]
cable allocation error(roll,gamma,beta,alpha): 
 [0.0, -0.013634798291344993, 0.0, 0.0]
============================================================================================================================
iteration:  24
------------------------------------------- FK -------------------------------------------
Current EE Orientation: 
 [[ 1.000e+00 -1.971e-04 -9.804e-04]
 [ 2.028e-15 -9.804e-01  1.971e-01]
 [-1.000e-03 -1.971e-01 -9.804e-01]]
------------------------------------------- IK -------------------------------------------

--- 0.012964963912963867 seconds ---
i:  5
orientation error:  0.005888984801493941
R_current: 
 [[ 1.000e+00  1.955e-15 -3.222e-16]
 [ 2.023e-15 -9.685e-01  2.491e-01]
 [ 1.752e-16 -2.491e-01 -9.685e-01]]
R_desired: 
 [[ 1.    -0.    -0.001]
 [ 0.    -0.969  0.247]
 [-0.001 -0.247 -0.969]]
------------------------------------------- FK -------------------------------------------
Current EE Orientation: 
 [[ 1.000e+00  1.963e-15 -2.878e-16]
 [ 2.193e-15 -9.785e-01  2.062e-01]
 [ 1.425e-16 -2.062e-01 -9.785e-01]]
____________________________________________________________________________________________________________________________
input current output js wrist joint values (roll,gamma,beta,alpha): 
 [-0.0, 0.06613311122590819, 0.0, 0.0]
IK wrist joint values pre-cable allocation (roll,gamma,beta,alpha): 
 [-0.0, 0.08391674349925694, 0.0, 0.0]
IK wrist joint values post-cable allocation (roll,gamma,beta,alpha): 
 [-0.0, 0.06923627020825086, 0.0, 0.0]
cable allocation error(roll,gamma,beta,alpha): 
 [0.0, -0.01468047329100608, 0.0, 0.0]
============================================================================================================================
iteration:  25
------------------------------------------- FK -------------------------------------------
Current EE Orientation: 
 [[ 1.000e+00 -2.062e-04 -9.785e-04]
 [ 2.027e-15 -9.785e-01  2.062e-01]
 [-1.000e-03 -2.062e-01 -9.785e-01]]
------------------------------------------- IK -------------------------------------------

--- 0.009973287582397461 seconds ---
i:  3
orientation error:  0.02924754725299266
R_current: 
 [[ 1.000e+00  1.955e-15 -3.226e-16]
 [ 2.021e-15 -9.684e-01  2.496e-01]
 [ 1.963e-16 -2.496e-01 -9.684e-01]]
R_desired: 
 [[ 1.    -0.    -0.001]
 [ 0.    -0.966  0.257]
 [-0.001 -0.257 -0.966]]
------------------------------------------- FK -------------------------------------------
Current EE Orientation: 
 [[ 1.000e+00  1.963e-15 -2.881e-16]
 [ 2.194e-15 -9.784e-01  2.066e-01]
 [ 1.325e-16 -2.066e-01 -9.784e-01]]
____________________________________________________________________________________________________________________________
input current output js wrist joint values (roll,gamma,beta,alpha): 
 [-0.0, 0.0692218170610929, 0.0, 0.0]
IK wrist joint values pre-cable allocation (roll,gamma,beta,alpha): 
 [-0.0, 0.08408733119981747, 0.0, 0.0]
IK wrist joint values post-cable allocation (roll,gamma,beta,alpha): 
 [-0.0, 0.06937693228177953, 0.0, 0.0]
cable allocation error(roll,gamma,beta,alpha): 
 [0.0, -0.014710398918037937, 0.0, 0.0]
============================================================================================================================
iteration:  26
------------------------------------------- FK -------------------------------------------
Current EE Orientation: 
 [[ 1.000e+00 -2.108e-04 -9.775e-04]
 [ 2.194e-15 -9.775e-01  2.108e-01]
 [-1.000e-03 -2.108e-01 -9.775e-01]]
------------------------------------------- IK -------------------------------------------

--- 0.0059833526611328125 seconds ---
i:  3
orientation error:  0.012653828479741109
R_current: 
 [[ 1.000e+00  1.954e-15 -3.245e-16]
 [ 2.021e-15 -9.677e-01  2.519e-01]
 [ 1.982e-16 -2.519e-01 -9.677e-01]]
R_desired: 
 [[ 1.    -0.    -0.001]
 [ 0.    -0.964  0.266]
 [-0.001 -0.266 -0.964]]
